   7.6120783e+00   1.2350898e-01   9.8264567e-02   1.9992073e+00   1.2779660e-01   6.1396439e+00
  -1.3367374e-01   1.3355198e-01   1.6880965e-01   7.5978965e-01   6.3393192e-02  -9.6840425e-01
  -1.3367374e-01   1.2562658e-01   9.7829480e-02   1.3661714e+00   1.2958310e-01  -3.6798958e-01
  -1.3367374e-01   1.3230341e-01   1.6134264e-01   7.8071315e-01   1.1752905e-01  -7.0185244e-01
  -1.3367374e-01   1.2566432e-01   1.3711288e-01   1.3237913e+00   8.1380635e-02  -2.7913897e-01
  -1.3367374e-01   1.3174587e-01   1.7921943e-01   7.7178402e-01   1.4141294e-01  -6.3723382e-01
  -1.3367374e-01   1.2578486e-01   1.3317633e-01   1.4150817e+00   1.1960969e-01  -3.1279450e-01
  -1.3367374e-01   1.3231905e-01   1.3076093e-01   7.6498721e-01   1.0021660e-01  -4.3664686e-01
  -1.3367374e-01   1.2696666e-01   7.9193228e-02   1.4607936e+00   7.6890391e-02   1.9259714e+00
  -1.3367374e-01   1.3309406e-01   1.1900105e-01   7.5765732e-01   1.3206588e-01   1.4453704e+00
  -1.3367374e-01   1.2647456e-01   1.6386526e-01   1.3788321e+00   1.5277453e-01   1.1680489e+00
  -1.3367374e-01   1.3412368e-01   1.3394821e-01   7.6352123e-01   1.3965217e-01   1.4790260e+00
  -1.3367374e-01   1.2604134e-01   1.1751981e-01   1.1413437e+00   1.2302783e-01   1.4897957e+00
  -1.3367374e-01   1.3221313e-01   1.0046607e-01  -4.7043228e-01   1.1784528e-01  -2.3740612e-01
  -1.3367374e-01   1.2554380e-01   9.9815786e-02   1.8138144e-02   1.0093349e-01   9.7802973e-02
  -1.3367374e-01   1.3244465e-01   1.4540074e-01  -4.5470634e-01   1.3292519e-01  -1.6740261e-01
  -1.3367374e-01   1.2546021e-01   1.0616086e-01   9.0504140e-02   1.3684438e-01  -5.0281363e-02
  -1.3367374e-01   1.3188549e-01   1.0444732e-01  -5.3173681e-01   8.2528787e-02  -1.9971192e-01
  -1.3367374e-01   1.2687782e-01   1.2156419e-01   1.1741150e-02   1.4321770e-01  -2.0375058e-01
  -1.3367374e-01   1.2751151e-01   2.2495059e-01  -1.4831697e-01   1.4267436e-01  -4.0568377e-01
  -1.3367374e-01   1.2645602e-01   1.6043169e-01   7.8109964e-02   1.5324176e-01  -3.9895266e-01
  -1.3367374e-01   1.3299158e-01   1.9563204e-01  -5.2667252e-01   1.6302655e-01   1.4337256e-02
  -1.3367374e-01   1.2677262e-01   1.4844143e-01   1.1755809e-01   1.4534403e-01   2.8088906e-01
  -1.3367374e-01   1.3241562e-01   1.2120782e-01  -5.6945242e-01   1.2016813e-01  -2.4144478e-01
  -1.3367374e-01   1.2648769e-01   8.9025781e-02   1.1741150e-02   1.5164976e-01  -5.3761345e-01
  -1.3367374e-01   1.3281787e-01   8.9434572e-02  -5.6092310e-01   1.5062242e-01  -8.9166964e-01
  -1.3367374e-01   1.2663038e-01   9.6865857e-02   1.8404685e-02   1.2396752e-01  -2.0664496e-02
  -1.3367374e-01   1.3234054e-01   1.0007565e-01  -4.5590578e-01   1.1714595e-01  -6.9108267e-01
  -1.3367374e-01   1.2685848e-01   1.0761297e-01   1.2075659e-01   1.5365668e-01  -1.7682616e-01
  -1.3367374e-01   1.3305990e-01   2.3215653e-01  -4.4990859e-01   1.5328787e-01  -9.8859757e-01
  -1.3367374e-01   1.2652623e-01   1.4351596e-01   1.2155622e-01   1.4813735e-01  -4.8645704e-01
  -1.3367374e-01   1.3357381e-01   1.1051215e-01  -5.7744867e-01   1.1001597e-01  -6.4396493e-01
  -1.3367374e-01   1.2650405e-01   7.2986474e-02   1.0569700e-01   8.8635648e-02  -1.7972054e-02
  -1.3367374e-01   1.3209321e-01   1.1614091e-01  -3.3969372e-01   1.0370343e-01  -3.2491050e-01
  -1.3367374e-01   1.2542508e-01   1.1130147e-01   1.5953837e-01   1.1988993e-01   4.2607902e-02
  -1.3367374e-01   1.3206695e-01   1.2721731e-01  -4.1725727e-01   1.5363711e-01  -2.1048169e-01
  -1.3367374e-01   1.2564159e-01   9.6769606e-02   2.3723519e-01   1.5065037e-01   4.9339008e-02
  -1.3367374e-01   1.3241607e-01   1.0548822e-01  -4.5857119e-01   1.4126592e-01  -3.4645004e-01
  -1.3367374e-01   1.2685675e-01   1.0480297e-01   1.8299401e-01   1.4128417e-01  -1.9028837e-01
  -1.3367374e-01   1.3318146e-01   2.1365480e-01  -4.5244074e-01   1.2830816e-01  -8.7955365e-01
  -1.3367374e-01   1.2571058e-01   1.7212444e-01   9.2369930e-02   1.3435380e-01   2.7819662e-01
  -1.3367374e-01   1.3125849e-01   1.1799253e-01  -2.3627564e-01   1.3516794e-01  -2.4682966e-01
  -1.3367374e-01   1.2631508e-01   1.0664480e-01   1.0756279e-01   1.2380790e-01   7.0878548e-02
  -1.3367374e-01   1.3206848e-01   1.0704787e-01  -5.5772460e-01   1.3302826e-01  -3.1414073e-01
  -1.3367374e-01   1.2548181e-01   1.5126041e-01   5.1056010e-02   1.4658764e-01  -9.7399107e-02
  -1.3367374e-01   1.3235730e-01   1.2774534e-01  -5.7265092e-01   1.2387896e-01  -1.6874883e-01
  -1.3367374e-01   1.2561937e-01   1.0001671e-01   5.4774262e-03   1.4038587e-01  -1.9318275e-02
  -1.3367374e-01   1.3242700e-01   1.3104212e-01  -5.8757724e-01   1.3923409e-01  -1.8355727e-01
  -1.3367374e-01   1.2694761e-01   8.0689894e-02   1.0516392e-01   1.4171697e-01  -1.5797906e-01
  -1.3367374e-01   1.3352377e-01   1.0580417e-01  -5.7371709e-01   1.3858640e-01  -9.6301936e-01
  -1.3367374e-01   1.2652999e-01   1.0735396e-01   6.4249810e-02   1.4296626e-01  -5.1876635e-01
  -1.3367374e-01   1.3320299e-01   1.3555138e-01  -5.7878137e-01   1.5788090e-01  -1.3509330e-01
  -1.3367374e-01   1.2544909e-01   1.0349394e-01   7.6910528e-02   1.1167560e-01  -2.0375058e-01
  -1.3367374e-01   1.2787376e-01   1.8295800e-01  -4.7736236e-01   1.2543663e-01  -1.7413372e-01
  -1.3367374e-01   1.2555194e-01   1.5845467e-01   1.3848160e-01   1.2880761e-01   3.2800680e-01
  -1.3367374e-01   1.3242326e-01   1.1800159e-01  -5.9410750e-01   1.4041133e-01  -2.7240787e-01
  -1.3367374e-01   1.2558182e-01   1.3088283e-01   1.1182745e-01   1.0335004e-01   1.5683477e-02
  -1.3367374e-01   1.3241798e-01   2.0689133e-01  -4.4497758e-01   1.1497560e-01  -1.7144127e-01
  -1.3367374e-01   1.2582752e-01   1.0175195e-01   2.1098086e-01   1.5290123e-01   7.8302958e-01
   1.4099832e-01  -7.6168257e+00  -7.6118312e+00  -5.8850880e+00  -7.6150935e+00   3.3184354e-02
