   1.5549430e+00   1.0875392e-01  -3.9287156e-01   8.6893512e-01   1.0938571e+00   2.6350861e-01
   1.6061816e+00   1.3326807e-01  -2.5837862e-01   2.0595950e+00   1.1393072e+00   5.8838739e-01
   1.6218238e+00   1.2917049e-01  -2.6284344e-01   1.4896692e-01   1.1523134e+00   5.0604750e-01
   1.6051265e+00   1.2351953e-01  -3.4444664e-01  -9.7010205e-01   1.1394868e+00   6.1927946e-01
   1.6334293e+00   1.3123459e-01  -5.5960537e-01   4.2489350e-01   1.1869041e+00   6.6980800e-01
   2.6118062e-01   1.2982918e-01  -3.4552471e-01  -4.4455398e-01   3.4593436e+00   5.9494602e-01
   1.6640715e+00   1.2976823e-01  -3.6451815e-01  -1.1758160e-01   1.1866351e+00   5.9094937e-01
   1.6462275e+00   1.3041835e-01   1.7290287e-01  -1.5625720e+00   1.1739567e+00  -3.1504091e-01
   1.6477413e+00   1.2834507e-01   2.8556175e+00  -8.2805140e-01   1.1747941e+00  -2.6892785e+00
   1.1641629e+00   1.2813779e-01  -4.4936901e-01  -6.7995838e-02   7.6465903e-01  -2.3735857e-01
  -1.4226004e-01   1.2833566e-01  -2.9418997e-01   7.4794298e-01  -3.4779134e-01   1.5116737e-01
  -1.5758115e-01   1.3486189e-01  -3.4946814e-01   1.3610704e+00  -3.6563413e-01   1.3519710e-01
  -4.7262725e-01   1.2958528e-01  -2.9693153e-01   3.6666773e-01   3.7398609e-01   1.0701796e-01
  -8.0175593e-01   1.2959979e-01  -3.4434823e-01  -5.0211389e-01   1.0774330e+00   1.7362827e-01
  -2.9872805e-01   1.2946151e-01  -4.2517512e-01   1.0891164e-01   1.4814281e-04   1.9029343e-01
  -1.7785640e-01   1.2940124e-01  -2.6923966e-01   4.5944549e-01  -3.8463629e-01   1.5241436e-01
  -1.3432426e-01   1.2945097e-01   3.1674158e+00  -1.4237143e+00  -3.4847166e-01  -2.7218500e+00
  -1.5294812e-01   1.3066379e-01  -2.7899169e-01   6.5998662e-01  -3.6283442e-01  -6.8869944e-01
  -1.1134259e-01   1.2845251e-01  -5.3763465e-01   9.8489728e-01  -3.2851297e-01   2.0565040e-01
  -1.1927837e-01   1.2841798e-01  -4.5575533e-01   8.1770479e-01  -3.3414046e-01   1.6121270e-01
  -9.7810469e-02   1.2841662e-01  -3.5028317e-01   4.1130374e-01  -3.1668660e-01   1.5844265e-01
  -1.3203068e-01   1.3332891e-01  -1.9873208e-01  -4.3307409e-01  -3.4499775e-01   1.1998836e-01
  -8.8682022e-02   1.2933899e-01  -3.8987818e-01   5.3022613e-01  -3.0907843e-01   1.8138223e-01
  -1.4189307e-01   1.2931813e-01  -3.1203530e-01   1.3406296e+00  -3.5312280e-01   2.8235228e-01
  -1.2505819e-01   1.2788919e-01   1.5148124e+00  -6.2951584e-01  -3.4006305e-01  -1.4561779e+00
  -1.5459950e-01   1.2937352e-01   1.3274964e+00  -2.0970954e-01  -3.6382419e-01  -1.8842433e+00
  -1.1473709e-01   1.2934347e-01  -2.8720524e-01   4.3099846e-01  -3.3112517e-01   1.8332684e-01
  -1.0441598e-01   1.2929647e-01  -6.0959387e-01   2.6277735e+00  -3.2136651e-01   2.7774777e-01
  -8.2030641e-02   1.2975740e-01  -4.6820011e-01   8.2607204e-01  -3.0334695e-01   1.6632987e-01
  -1.1969122e-01   1.2825436e-01  -5.1840514e-01   4.5473640e-01  -3.3418597e-01   2.0198284e-01
  -4.5012265e-02   1.2806488e-01  -4.3458028e-01   6.1395474e-01  -2.7148725e-01   1.2460783e-01
  -2.0625091e-01   1.2802900e-01  -3.9716565e-01   1.5536871e-01  -1.0337779e-01   1.8155085e-01
  -8.0171006e-01   1.3229184e-01   2.2001894e-01   8.0600990e-02   1.3436735e+00  -2.8486957e-01
  -4.3776484e-01   1.2915366e-01   3.1378114e+00  -1.3353889e+00   3.2066523e-01  -2.7433304e+00
  -7.2626964e-02   1.2909991e-01  -4.9501055e-01   7.8382667e-01  -2.9708493e-01  -1.7005881e-01
  -1.0345267e-01   1.2916505e-01  -4.5649892e-01   1.0299119e-01  -3.2125315e-01   1.9237403e-01
  -7.7581096e-02   1.2915643e-01  -3.6730330e-01   4.5223345e-01  -3.0012883e-01   2.1050648e-01
  -1.4180133e-01   1.2998985e-01  -7.1578477e-01   1.7367220e+00  -3.5306688e-01   6.5941319e-01
  -7.2902194e-02   1.2640536e-01  -4.9892391e-01  -4.9985803e-02  -2.9597809e-01   6.5913577e-01
  -7.9461831e-02   1.2836520e-01  -2.2100351e-01  -9.6637168e-01  -3.0041830e-01   6.0346558e-01
  -4.2214098e-02   1.2845200e-01  -2.3589729e-01  -4.5830418e-01  -2.6952796e-01   6.4576965e-01
  -6.4645307e-02   1.2846946e-01   2.2811153e+00  -9.7286171e-01  -2.8785702e-01  -1.4633226e+00
  -5.1938876e-02   1.3468052e-01   4.9679265e-01  -7.3323599e-01  -2.7799435e-01  -2.5239053e-01
  -9.2672850e-02   1.2926149e-01  -3.8249434e-01  -3.9832956e-01  -3.1198699e-01   6.2162251e-01
  -1.5056280e-01   1.2927311e-01  -3.1175015e-01  -3.7578694e-01  -3.6337635e-01   7.3741510e-01
  -6.7214116e-02   1.2941479e-01  -6.0593276e-01   2.6512162e-01  -2.9090834e-01   7.9419766e-01
  -4.2993915e-02   1.2946724e-01  -7.5422319e-01   4.2004803e-01  -2.7047162e-01   8.9458840e-01
  -7.8269170e-02   1.2943634e-01  -5.4531452e-01   7.1299790e-01  -2.9937990e-01   8.6928946e-01
  -7.2076505e-02   1.3009820e-01  -6.3653835e-01   4.0583254e-01  -2.9509268e-01   8.8524476e-01
  -7.3498524e-02   1.2680007e-01  -3.9412992e-01  -8.0173670e-02  -2.9543796e-01   7.6359524e-01
  -6.8496686e-01   1.2831293e-01   2.8719556e+00  -1.4587877e+00   8.1236685e-01  -2.0450583e+00
  -6.8643475e-01   1.2841435e-01  -7.3095626e-01  -3.4243829e-01   1.0417168e+00   7.9008270e-01
  -8.3544403e-02   1.2821892e-01  -6.4213457e-01  -5.1064158e-01  -3.0898715e-01   8.8608788e-01
  -1.1634259e-01   1.3487907e-01  -2.7604340e-01  -7.6907155e-01  -3.3398639e-01   6.9682310e-01
  -7.7489353e-02   1.2945629e-01  -6.2947413e-01   1.6386094e+00  -3.0185509e-01   8.8653800e-01
  -1.3978298e-01   1.2912809e-01  -4.5578345e-01  -7.4302318e-01  -3.5338982e-01   7.6037099e-01
  -7.1342559e-02   1.2942205e-01  -4.3510132e-01  -6.2996509e-01  -2.9623973e-01   7.2012984e-01
  -1.3776463e-01   1.2948538e-01  -3.8860134e-01  -7.8926365e-01  -3.5157465e-01   7.7794590e-01
  -1.3707655e-01   1.2944246e-01   1.8140007e+00  -1.9703609e+00  -3.5196585e-01  -9.7849367e-01
  -5.7658421e+00  -7.6168268e+00   5.1433135e-01  -3.2260896e+00  -5.1486009e+00  -3.1116433e+00
