  -9.9672761e-01   1.2586713e-01   1.0211832e+00  -1.0167466e+00   1.0187638e+00  -1.0219757e+00
  -9.9768945e-01   1.2950929e-01   1.0115692e+00  -1.0217762e+00   1.0297190e+00  -1.0224010e+00
  -9.9768945e-01   1.2962004e-01   1.0206888e+00  -1.0196948e+00   1.0218592e+00  -1.0223514e+00
  -9.9768945e-01   1.3001771e-01   1.0143111e+00  -1.0218839e+00   1.0264341e+00  -1.0224125e+00
  -9.9768945e-01   1.2997497e-01   1.0373715e+00  -1.0199843e+00   1.0262109e+00  -1.0223618e+00
  -9.9768945e-01   1.2998639e-01   1.0277883e+00  -1.0218464e+00   1.0192624e+00  -1.0224130e+00
  -9.9768945e-01   1.2962468e-01   1.0280368e+00  -1.0205505e+00   1.0251497e+00  -1.0223588e+00
  -9.9768945e-01   1.2879117e-01   1.0229435e+00  -1.0218903e+00   1.0209860e+00  -1.0224019e+00
  -9.9768945e-01   1.2849709e-01   1.0215061e+00  -1.0199811e+00   1.0271674e+00  -1.0222808e+00
  -9.9768945e-01   1.2858508e-01   1.0234070e+00  -1.0221239e+00   1.0256338e+00  -1.0223121e+00
  -9.9768945e-01   1.2868397e-01   1.0327666e+00  -1.0200154e+00   1.0251190e+00  -1.0223460e+00
  -9.9768945e-01   1.3000470e-01   1.0296658e+00  -1.0217603e+00   1.0260940e+00  -1.0223934e+00
  -9.9768945e-01   1.2953270e-01   1.0331214e+00  -1.0201191e+00   1.0264884e+00  -1.0223468e+00
  -9.9768945e-01   1.3001783e-01   1.0210970e+00  -1.0219054e+00   1.0215287e+00  -1.0224155e+00
  -9.9768945e-01   1.2994553e-01   1.0173176e+00  -1.0197849e+00   1.0195717e+00  -1.0223640e+00
  -9.9768945e-01   1.2992444e-01   1.0161136e+00  -1.0218823e+00   1.0215167e+00  -1.0224152e+00
  -9.9768945e-01   1.2866363e-01   1.0172029e+00  -1.0197682e+00   1.0181643e+00  -1.0223556e+00
  -9.9768945e-01   1.2952554e-01   1.0153768e+00  -1.0219174e+00   1.0252429e+00  -1.0224069e+00
  -9.9768945e-01   1.2999648e-01   1.0212329e+00  -1.0200712e+00   1.0261204e+00  -1.0223623e+00
  -9.9768945e-01   1.2950064e-01   1.0274001e+00  -1.0217020e+00   1.0199024e+00  -1.0224149e+00
  -9.9768945e-01   1.2922381e-01   1.0284832e+00  -1.0198790e+00   1.0247923e+00  -1.0222631e+00
  -9.9768945e-01   1.3148661e-01   1.0294805e+00  -1.0216965e+00   1.0204464e+00  -1.0223181e+00
  -9.9768945e-01   1.2874314e-01   1.0283283e+00  -1.0197243e+00   1.0223040e+00  -1.0222623e+00
  -9.9768945e-01   1.3001570e-01   1.0300824e+00  -1.0219907e+00   1.0221671e+00  -1.0223203e+00
  -9.9768945e-01   1.2991675e-01   1.0216246e+00  -1.0198926e+00   1.0288931e+00  -1.0222666e+00
  -9.9768945e-01   1.2993418e-01   1.0246090e+00  -1.0220641e+00   1.0210842e+00  -1.0223165e+00
  -9.9768945e-01   1.2851057e-01   1.0259578e+00  -1.0195760e+00   1.0244039e+00  -1.0222621e+00
  -9.9768945e-01   1.2946443e-01   1.0304541e+00  -1.0219772e+00   1.0246718e+00  -1.0223166e+00
  -9.9768945e-01   1.2998124e-01   1.0232285e+00  -1.0196677e+00   1.0281750e+00  -1.0222701e+00
   8.8017623e-01   1.2973501e-01  -8.3646223e-01   8.5110599e-01  -8.5792299e-01   8.5127864e-01
   9.9372794e-01   1.2964695e-01  -9.6058709e-01   9.1867095e-01  -9.5767651e-01   9.8632323e-01
   1.0012150e+00   1.2892887e-01  -9.6888869e-01   9.1945407e-01  -9.5595220e-01   9.9447995e-01
   1.0044673e+00   1.3027569e-01  -9.6603502e-01   9.9164756e-01  -9.5519591e-01   9.9087393e-01
   1.0047994e+00   1.2978437e-01  -9.6830098e-01   8.9702678e-01  -9.5512740e-01   9.9008700e-01
   1.0038791e+00   1.2967503e-01  -9.7510644e-01   9.1731924e-01  -9.5532830e-01   1.0005048e+00
   1.0009106e+00   1.2962976e-01  -9.6433737e-01   9.0890911e-01  -9.5597183e-01   9.9365010e-01
   1.0044742e+00   1.2658798e-01  -9.6240325e-01   9.9498976e-01  -9.5518373e-01   9.8689258e-01
   1.0035262e+00   1.2853180e-01  -9.6636623e-01   1.0380891e+00  -9.5538607e-01   9.9324432e-01
   1.0053599e+00   1.2672509e-01  -8.1803978e-01   8.5037790e-01  -9.5498774e-01   8.2687149e-01
   8.9033430e-01   1.2976846e-01  -9.7858427e-01   1.0154824e+00  -8.9536717e-01   9.9559937e-01
   9.3226747e-01   1.2963461e-01  -9.8159766e-01   1.1756082e+00  -9.1413286e-01   1.0063260e+00
   1.0132622e+00   1.2938304e-01  -9.7211598e-01   1.0691610e+00  -9.5337607e-01   9.9916246e-01
   1.0062802e+00   1.3056899e-01  -9.7125451e-01   1.0578831e+00  -9.5484381e-01   9.9756489e-01
   1.0099961e+00   1.2977012e-01  -9.7360858e-01   1.0080834e+00  -9.5399995e-01   9.9893939e-01
   1.0121827e+00   1.2969948e-01  -9.6654979e-01   1.0183166e+00  -9.5352402e-01   9.9171150e-01
   1.0136220e+00   1.2987907e-01  -9.7923648e-01   1.0155430e+00  -9.5319376e-01   1.0065827e+00
   1.0057336e+00   1.2819301e-01  -9.6977379e-01   9.7710407e-01  -9.5491690e-01   9.9402444e-01
   1.0106188e+00   1.2920020e-01  -8.4698383e-01   8.4391599e-01  -9.5384095e-01   8.6067493e-01
   1.0125702e+00   1.2977817e-01  -9.2399924e-01   9.2527880e-01  -9.5341382e-01   9.3940511e-01
   9.6000841e-01   1.2975806e-01  -9.7048452e-01   9.5421665e-01  -9.3042316e-01   9.9780815e-01
   8.7520791e-01   1.2884968e-01  -9.6823376e-01   9.6925536e-01  -8.7625788e-01   9.9510191e-01
   1.0086052e+00   1.2795745e-01  -9.6057419e-01   9.4405287e-01  -9.5443965e-01   9.9164633e-01
   1.0050278e+00   1.2853764e-01  -9.5951662e-01   1.1215947e+00  -9.5511801e-01   9.8815152e-01
   1.0091104e+00   1.3119829e-01  -9.7517496e-01   1.0876256e+00  -9.5430032e-01   1.0028651e+00
   1.0101137e+00   1.2968172e-01  -9.7420817e-01   9.3245445e-01  -9.5423625e-01   9.9943216e-01
   1.0146945e+00   1.2964375e-01  -9.7658476e-01   9.3123990e-01  -9.5323267e-01   1.0040687e+00
   1.0118229e+00   1.1335871e-01  -9.2259033e-01   9.9293149e-01  -9.5384387e-01   9.3660054e-01
   1.0125702e+00   1.2916702e-01  -8.7468727e-01   8.9168293e-01  -9.5367948e-01   8.8121727e-01
   1.0103351e+00   1.2975411e-01  -9.7161526e-01   9.9520667e-01  -9.5416859e-01   9.9461579e-01
  -7.9486714e-01  -7.6168476e+00  -1.1984475e+00   3.8764435e-01  -1.3488307e+00   4.5198101e-01
