31041933	627888	362840	107347096
31260997	1360775	344347	109164986
81627235	2224107	814458	261640347
1188041430	32690022	12654254	3945144013
1188041430	29169	1045978	38222367
4382574	4116814	257211	154474268
189537628	4116814	257211	366363822
189537628	4116814	257211	111472983
189537628	4116814	257211	111087159
189537628	4116814	257211	110835982
189537628	4116814	257211	110617649
189537628	4116814	257211	110450500
189537628	4116814	257211	110457576
189537628	4116814	257211	110385758
189537628	4116814	257211	110321502
2301497	4116814	257211	106608266
4391161	4116814	257211	110244065
6102959	4116814	257211	110211842
7512395	4116814	257211	110183239
8702142	4116814	257211	110159806
9720262	4116814	257211	110143090
10581223	4116814	257211	110130437
10981804	4116814	257211	110094013
1576634684	16419159	7138165	7502472314
