26742149	536018	347776	95051155
33021138	1269389	357705	109526888
72251639	1954024	705621	229585787
1138857557	30553744	12058545	3730832901
1138857557	146456	1170325	42930484
2025000	3092654	97904	101040255
2025000	1677156	97904	20135035
0	0	0	0
0	0	0	0
0	0	0	0
0	0	0	0
0	0	0	0
0	0	0	0
189985586	8734033	2213049	747464222
189985586	4349067	2213049	79572094
709958899	17430013	5720359	2290522718
204370892	17430013	5720359	112236570
169159620	17430013	5720359	111756225
4305207	17430013	5720359	111402909
4305207	17430013	5720359	111135548
4305207	17430013	5720359	110939134
4305207	17430013	5720359	110794049
4305207	17430013	5720359	110674199
4305207	17430013	5720359	110579880
4305207	17430013	5720359	110517994
4305207	17430013	5720359	110432814
4305207	17430013	5720359	110392108
4305207	17430013	5720359	110193522
4305207	17430013	5720359	109964935
4305207	17430013	5720359	110166537
4305207	17430013	5720359	110141364
4305207	17430013	5720359	110113634
385546	17430013	5720359	110056372
1866134	17430013	5720359	110076726
3146856	17430013	5720359	110038760
4313159	17430013	5720359	110054894
5341205	17430013	5720359	110033562
6264289	17430013	5720359	110024161
7072688	17430013	5720359	110011838
7844259	17430013	5720359	110004298
8511905	17430013	5720359	109994185
9133906	17430013	5720359	109989794
9693339	17430013	5720359	109986544
10206339	17430013	5720359	109982718
10668494	17430013	5720359	109972078
11109754	17430013	5720359	109966763
11520561	17430013	5720359	109972229
11877983	17430013	5720359	109952852
12224459	17430013	5720359	109949522
12536922	17430013	5720359	109946673
12828950	17430013	5720359	109940111
13107343	17430013	5720359	109938178
13353286	17430013	5720359	109906979
13596569	17430013	5720359	109935298
13806132	17430013	5720359	109930663
14010640	17430013	5720359	109827716
14207590	17430013	5720359	109930690
14400752	17430013	5720359	109924541
14570445	17430013	5720359	109920441
14734901	17430013	5720359	109917729
14884846	17430013	5720359	109915355
15029179	17430013	5720359	109915949
15167350	17430013	5720359	109912047
14768925	17430013	5720359	106300099
15412960	17430013	5720359	109915929
15531553	17430013	5720359	109910254
15642974	17430013	5720359	109907963
15740636	17430013	5720359	109905928
15829478	17430013	5720359	109905835
15925147	17430013	5720359	109910624
16004457	17430013	5720359	109910241
16100978	17430013	5720359	109906983
16169041	17430013	5720359	109853167
16261538	17430013	5720359	109902470
16335740	17430013	5720359	109900040
16410275	17430013	5720359	109899065
16476096	17430013	5720359	109898505
16545287	17430013	5720359	109908063
16582311	17430013	5720359	109894664
16660710	17430013	5720359	109894416
16714692	17430013	5720359	109898967
16772297	17430013	5720359	109894792
16805084	17430013	5720359	109899110
16865273	17430013	5720359	109898763
41673254	346444	9517	108992178
42005436	779830	90986	97840555
5995420970	31354494	14662575	31085011409
