30771214	606722	349892	106040008
32138713	1334747	354618	111542452
81954361	2164652	827604	261710955
1192826387	31773668	12580922	3942068802
1192826387	85478	1081459	37564964
11418262	2623720	495425	121031721
11418262	3471051	495425	51366019
11418262	2859551	90594	63462826
11418262	2079899	212425	58582270
113619046	5719297	2318772	556975610
113619046	5719297	2318772	111995391
113619046	5719297	2318772	111988304
113619046	5719297	2318772	111577366
616891	5719297	2318772	111288161
6508542	5719297	2318772	110901777
8254332	5719297	2318772	110806275
35770924	5719297	2318772	110658084
35179269	5719297	2318772	110546525
33962977	5719297	2318772	110415638
33880559	5719297	2318772	110505984
32569911	5719297	2318772	107428804
32186742	5719297	2318772	110136767
32291309	5719297	2318772	110241906
31777390	5719297	2318772	110195738
31294612	5719297	2318772	110164815
31020150	5719297	2318772	110112102
30938704	5719297	2318772	110113496
898271452	10359433	3726019	3855871851
9564526	10359433	3726019	110274821
1888855	10359433	3726019	110110151
7882833	10359433	3726019	110210024
12741939	10359433	3726019	110186850
5841191	10359433	3726019	109957128
29467081	10359433	3726019	110150119
34101629	10359433	3726019	109923092
33885516	10359433	3726019	110103057
33333412	10359433	3726019	110088796
33036976	10359433	3726019	110074202
32820641	10359433	3726019	110060953
32574442	10359433	3726019	110050373
32340886	10359433	3726019	110040121
32085326	10359433	3726019	110030531
31783634	10359433	3726019	110022819
31608053	10359433	3726019	110013736
31657727	10359433	3726019	110014479
31458182	10359433	3726019	109988264
31133364	10359433	3726019	109993542
31141244	10359433	3726019	108897403
31665331	10359433	3726019	109984131
30780881	10359433	3726019	109977015
30714826	10359433	3726019	109972752
30510931	10359433	3726019	109968578
30433476	10359433	3726019	109961230
30179995	10359433	3726019	109957595
29872734	10359433	3726019	109625887
29912766	10359433	3726019	109959751
29518613	10359433	3726019	109792407
29540150	10359433	3726019	109012310
30166879	10359433	3726019	110090063
29188951	10359433	3726019	109844440
29477602	10359433	3726019	109901209
29554184	10359433	3726019	109934819
29437393	10359433	3726019	109931149
29370216	10359433	3726019	109928793
29305602	10359433	3726019	109883163
29300004	10359433	3726019	109900796
29124060	10359433	3726019	109928473
29316481	10359433	3726019	109931266
29435075	10359433	3726019	109924176
29102259	10359433	3726019	109509706
28963718	10359433	3726019	109710801
29067636	10359433	3726019	109917088
29065772	10359433	3726019	109912978
29133582	10359433	3726019	109909793
28318730	10359433	3726019	109897618
66671817	10359433	3726019	252990018
29372332	10359433	3726019	110062561
28576165	10359433	3726019	109908492
28416285	10359433	3726019	109484777
28629380	10359433	3726019	109908393
28767805	10359433	3726019	110007142
28732168	10359433	3726019	110011127
28782990	10359433	3726019	110010175
28706163	10359433	3726019	110029909
28690771	10359433	3726019	110010764
28216756	10359433	3726019	109874209
28737521	10359433	3726019	109904741
28370663	10359433	3726019	109901198
17911283	10359433	105625	109908119
18304940	10359433	107095	109920894
3427672335	16320158	5016244	14173667879
3072559	16320158	5016244	109985850
7601603	16320158	5016244	110051335
10985415	16320158	5016244	110055272
4435425	16320158	5016244	109905505
9547157	16320158	5016244	109962235
12250686	16320158	5016244	109437035
30379676	16320158	5016244	109956550
30562872	16320158	5016244	109559811
30332330	16320158	5016244	108929235
30632381	16320158	5016244	109665535
30211932	16320158	5016244	109923894
30642696	16320158	5016244	110088341
30222571	16320158	5016244	109903851
30428315	16320158	5016244	109845643
30340990	16320158	5016244	109930323
30335886	16320158	5016244	109927130
30245907	16320158	5016244	109927950
30045759	16320158	5016244	109843334
30255934	16320158	5016244	109945232
30127154	16320158	5016244	109920631
30131066	16320158	5016244	109919154
30146576	16320158	5016244	109917693
29975356	16320158	5016244	109818796
29900903	16320158	5016244	109914742
29870173	16320158	5016244	109915523
29834943	16320158	5016244	109915299
29859991	16320158	5016244	109913255
29727638	16320158	5016244	109913027
29800519	16320158	5016244	109921271
29974765	16320158	5016244	109928143
29871770	16320158	5016244	109911030
29928825	16320158	5016244	109908858
29721152	16320158	5016244	109908817
29855546	16320158	5016244	109884263
29691024	16320158	5016244	109878180
29751150	16320158	5016244	109904837
29673908	16320158	5016244	109903851
29582124	16320158	5016244	109790575
29553525	16320158	5016244	109859705
29846145	16320158	742	109913188
30029994	16320158	742	109913786
29773104	16320158	742	109900577
29531438	16320158	742	109901618
29574569	16320158	742	109900512
29702551	16320158	742	109899985
29492821	16320158	742	109787668
29500474	16320158	742	109902323
29577316	16320158	742	109906817
29467764	16320158	742	109896048
29515548	16320158	742	109895094
29549718	16320158	3903	109901554
29552499	16320158	3903	109904180
29418624	16320158	3903	109895868
29480353	16320158	3903	109874330
29408197	16320158	3903	109893517
28744908	16320158	3903	109873197
29029498	16320158	3903	110025313
28692049	16320158	3903	109883890
29017437	16320158	3903	109790998
29057507	16320158	3903	109893225
28947341	16320158	3903	109836948
27432797	16320158	50958	109898283
16436180	16320158	10131	109909607
16211695	16320158	9286	109896217
11271711263	38647001	10899377	46401651390
