31721859	655466	363415	108080623
32539933	1336834	339383	109223245
89990123	2393490	881707	284200399
1209267809	33080336	12931892	3987289339
1209267809	17229	992742	31350356
8179772	2956351	503987	128693702
8179772	2835365	152726	64814634
8179772	2272789	41946	44408086
8179772	1945339	155035	58528617
3621832	2119635	21575	91572540
0	0	0	0
0	0	0	0
0	0	0	0
0	0	0	0
0	0	0	0
0	0	0	0
0	0	0	0
390179449	16281756	5262817	1557262180
390179449	116029	33768	5655956
24328166	1620141	432038	125444139
9685816	2407619	454252	132186365
454422805	21799154	6851504	1968551372
454422805	21799154	6851504	102182042
454422805	21799154	6851504	113977145
454422805	21799154	6851504	113318636
454422805	21799154	6851504	112708735
4080469	21799154	6851504	112333059
4080469	21799154	6851504	112000387
35748137	21799154	6851504	111745449
41219080	21799154	6851504	111519246
39823094	21799154	6851504	111306454
39182739	21799154	6851504	111183222
37668741	21799154	6851504	111045248
36872023	21799154	6851504	110937749
35907613	21799154	6851504	110848886
35185022	21799154	6851504	110767463
34590691	21799154	6851504	110698675
33923671	21799154	6851504	110641656
33474122	21799154	6851504	110576765
33095282	21799154	6851504	110538192
32556082	21799154	6851504	110506031
32079118	21799154	6851504	110464784
31860939	21799154	6851504	110428558
31728358	21799154	6851504	110355911
31373665	21799154	6851504	110373305
31090222	21799154	6851504	110360900
31100075	21799154	6851504	110321729
30738300	21799154	6851504	110302400
30645719	21799154	6851504	110285424
30284283	21799154	6851504	110268840
1486138714	15184803	4862445	6209654879
1486138714	15184803	4862445	110454118
913670	15184803	4862445	110428775
7514832	15184803	4862445	110411764
2861739	15184803	4862445	110406794
4694211	15184803	4862445	110387927
22150917	15184803	4862445	110395158
33417564	15184803	4862445	110380356
33793491	15184803	4862445	110338225
33521487	15184803	4862445	110307528
33032223	15184803	4862445	110304616
32724677	15184803	4862445	110284828
32384618	15184803	4862445	110272355
32232351	15184803	4862445	110205533
32098520	15184803	4862445	110251790
32040483	15184803	4862445	110239760
31842663	15184803	4862445	110231598
31653078	15184803	4862445	110216117
31529370	15184803	4862445	110210816
31406976	15184803	4862445	110204696
31283035	15184803	4862445	110203653
31245775	15184803	4862445	110193594
31027810	15184803	4862445	110186105
30928580	15184803	4862445	110176460
30769081	15184803	4862445	110170095
30715923	15184803	4862445	110173708
30633000	15184803	4862445	110164845
30474784	15184803	4862445	110161133
30898000	15184803	4862445	110185947
31360932	15184803	4862445	110202695
30763993	15184803	4862445	110179280
30724902	15184803	4862445	110155693
30463475	15184803	4862445	110154902
30272228	15184803	4862445	110067199
30246309	15184803	4862445	110131369
30182592	15184803	4862445	110117236
30068624	15184803	4862445	110122611
29963861	15184803	4862445	110116316
29776721	15184803	4862445	110112931
29800793	15184803	4862445	110109190
29808955	15184803	4862445	110110830
29731163	15184803	4862445	110098583
29630330	15184803	4862445	110113385
29537520	15184803	4862445	110089565
29525449	15184803	4862445	110095244
29467425	15184803	4862445	110096478
29345460	15184803	4862445	110095938
29379912	15184803	4862445	110095529
29310099	15184803	4862445	110106717
29278232	15184803	4862445	110097055
29226835	15184803	4862445	110090041
30125978	15184803	6889	110115018
29354148	15184803	6889	110164574
29212494	15184803	6889	110061028
29198980	15184803	6889	110096872
29294345	15184803	6889	110091259
29247831	15184803	6889	110085051
29108691	15184803	6889	110082074
29137579	15184803	6889	110109752
51879159	15184803	6889	196071336
29000884	15184803	6889	110072217
29046315	15184803	6889	110064870
29009771	15184803	6889	110052477
28952558	15184803	6889	110061289
28946597	15184803	6889	110062316
28944801	15184803	6889	110056260
28958056	15184803	6889	110065887
28826116	15184803	6889	110053016
28861151	15184803	6889	110053986
28809530	15184803	6889	110056196
28833106	15184803	6889	110054048
28867544	15184803	6889	110053749
29305414	15184803	6412	110132058
28924974	15184803	6412	110094004
28726593	15184803	6412	110077034
28790866	15184803	6412	110066687
28722029	15184803	6412	110063561
28730051	15184803	6412	110059035
28680525	15184803	6412	110047871
28616308	15184803	6412	110064280
28582437	15184803	6412	110046584
28591765	15184803	6412	110051434
28667902	15184803	6412	110054173
28603369	15184803	6412	110057909
28549019	15184803	6412	110052453
28554404	15184803	6412	110049636
28553152	15184803	6412	110049730
28584989	15184803	6412	110052849
28602098	15184803	6412	110040681
28565778	15184803	6412	110062619
28538706	15184803	6412	110046469
28498358	15184803	6412	110042461
28450921	15184803	6412	109979291
28534957	15184803	6412	110037720
28245622	15184803	6412	110035923
28617441	15184803	10287	110066422
28510116	15184803	10287	110089236
28535029	15184803	10287	110059664
28498036	15184803	10287	110042594
28476709	15184803	10287	110047373
28501854	15184803	10287	110043519
28440810	15184803	10287	110037266
28408733	15184803	10287	110038331
28446065	15184803	10287	110053625
28403075	15184803	10287	110035981
28414860	15184803	10287	110035260
28381419	15184803	10287	110034358
28288422	15184803	10287	110035226
28358370	15184803	10287	110033508
28414705	15184803	10287	110026650
28292197	15184803	10287	110046836
28351834	15184803	10287	110028781
28263543	15184803	10287	109995790
28287623	15184803	10287	110035477
28329318	15184803	10287	110031687
28290672	15184803	10287	110034767
28307398	15184803	10287	110034462
21201757	15184803	125721	110069437
18331024	15184803	62390	110062680
14694897	326486	180594	103608820
6521201232	23637322	6153980	26539441265
9346657	23637322	6153980	110045764
2926705	23637322	6153980	110092343
6596612	23637322	561	110049224
10407724	23637322	657	110030106
4072822	23637322	657	110095253
26167262	23637322	15847	110078752
29658316	23637322	15847	110115861
29500752	23637322	15847	110074433
29492523	23637322	15847	110071622
29615480	23637322	15847	110068519
29557423	23637322	15847	110061611
29478270	23637322	15847	110012232
29454527	23637322	15847	110056536
29492344	23637322	15847	110044520
29378498	23637322	15847	110054412
29425748	23637322	15847	110054762
29413452	23637322	15847	110053653
29479985	23637322	15847	110052507
29460105	23637322	15847	110055021
29342567	23637322	15847	110047719
29303191	23637322	15847	110049368
29314394	23637322	15847	110065229
29282457	23637322	15847	110041552
29316316	23637322	15847	110044622
29326835	23637322	15847	110044886
29176763	23637322	15847	110044715
29319267	23637322	15847	110041358
29072932	23637322	36411	110067825
29398234	23637322	36411	110087057
29382719	23637322	36411	110076505
29390273	23637322	36411	110047072
29262726	23637322	36411	110002946
29267604	23637322	36411	110049646
29175770	23637322	36411	110055068
29124843	23637322	36411	110055257
29142133	23637322	36411	110045457
29182252	23637322	36411	110046666
29198122	23637322	36411	110081824
29125308	23637322	36411	110046363
29192454	23637322	36411	110042983
29144698	23637322	36411	110040711
29071850	23637322	36411	110041586
29055925	23637322	36411	110037818
29099283	23637322	36411	110043865
29104294	23637322	36411	110046744
29028579	23637322	36411	110048995
29060881	23637322	36411	110050281
28966878	23637322	36411	110043195
29009474	23637322	36411	110047669
29530961	23637322	16189	110084454
29079033	23637322	16189	110120611
29319099	23637322	16189	110015567
29323623	23637322	16189	110061876
29269323	23637322	16189	110052082
29233626	23637322	16189	110065773
29138410	23637322	16189	110045275
29313872	23637322	16189	110046599
29180255	23637322	16189	110043075
29153484	23637322	16189	110039452
29150832	23637322	16189	110038187
29188778	23637322	16189	110039671
29159062	23637322	16189	110033124
28991916	23637322	16189	110049792
28989011	23637322	16189	110037650
28982601	23637322	16189	110036463
29146380	23637322	16189	110036683
29057518	23637322	16189	110033275
29112790	23637322	16189	110274269
28900385	23637322	16189	110026953
28843602	23637322	16189	110036151
28941698	23637322	16189	110036915
28292233	23637322	16189	110001836
30452287	23637322	28385	110155060
29200346	23637322	28385	110082124
29171372	23637322	28385	110047794
29073005	23637322	28385	110060681
29094766	23637322	28385	110039631
28935524	23637322	28385	110050246
29049816	23637322	28385	110058271
28985206	23637322	28385	110048692
29065720	23637322	28385	110048727
29002135	23637322	28385	110040108
28898675	23637322	28385	110045895
28785001	23637322	28385	110033845
28800623	23637322	28385	110043998
28829322	23637322	28385	110033361
28949797	23637322	28385	110032442
28862952	23637322	28385	110035012
28703850	23637322	28385	110030036
28706010	23637322	28385	110030376
28750726	23637322	28385	110031344
28672160	23637322	28385	109985168
28671221	23637322	28385	110048097
28712193	23637322	28385	110031143
29735787	23637322	44554	110029621
28959023	23637322	44554	110027455
28829758	23637322	44554	110024451
28772541	23637322	44554	110024799
28725839	23637322	44554	110026306
28816206	23637322	44554	110020799
28737027	23637322	44554	110024079
28739516	23637322	44554	110023761
28768127	23637322	44554	110021982
28804366	23637322	44554	110026604
28638256	23637322	44554	110021877
28636364	23637322	44554	110018503
28621560	23637322	44554	110020502
28619420	23637322	44554	110031762
28603352	23637322	44554	110012999
28608955	23637322	44554	110017028
28669025	23637322	44554	110017724
28663626	750	44554	109975094
28613558	750	44554	110015723
28639816	750	44554	110016535
28556514	750	44554	110014368
28628251	315	44554	110013976
26481113	315	70430	110019332
16163622	315	21769	109998387
16173000	315	16423	109999813
6535936812	18475981	4084759	26444762322
2425462	18475981	4084759	110019520
6873510	18475981	21885	109922359
10578639	18475981	17198	109956346
3634905	18475981	17198	110001573
7734314	18475981	23494	109992139
14077635	18475981	23494	110008462
29104125	18475981	5866	110011942
29541553	18475981	5866	110010210
29252233	18475981	5866	109980009
29388198	18475981	5866	110011225
29389303	18475981	5866	109981430
29348907	18475981	5866	110009783
29070159	18475981	5866	110012542
29094629	18475981	5866	110024817
29054898	18475981	5866	110001598
29087001	18475981	5866	110007654
29067795	18475981	5866	110007869
29084810	18475981	5866	110005877
29100956	18475981	5866	109996868
29056342	18475981	5866	110015847
28898967	18475981	5866	109984305
28988593	18475981	5866	110009376
29027886	18475981	5866	110018530
28984479	18475981	5866	109973188
29026723	18475981	5866	110006085
28988170	18475981	5866	110005264
28871691	18475981	5866	110005817
28802412	18475981	5866	110005750
31235862	18475981	35893	109982425
29608456	18475981	35893	110004892
29494056	18475981	35893	109984584
29498028	18475981	35893	110016432
29442894	18475981	35893	109973748
29409630	18475981	35893	110112922
29274871	18475981	35893	110005603
29273126	18475981	35893	109972992
29425778	18475981	35893	109976792
29222121	18475981	35893	109975721
29300133	18475981	35893	109938928
29211181	18475981	35893	109963409
29188656	18475981	35893	109861901
29293059	18475981	35893	109965249
29180687	18475981	35893	109956664
29164148	18475981	35893	109961318
29082412	18475981	35893	109963714
29010485	18475981	35893	109963047
28995812	18475981	35893	109969251
29024300	18475981	35893	109966971
29093985	18475981	35893	109941121
29057369	18475981	35893	109964860
29092309	18475981	51780	109963418
30234853	18475981	51780	110017350
30280297	18475981	51780	109969385
30204897	18475981	51780	109970326
30261190	18475981	51780	109966511
29816409	18475981	51780	109967666
29001318	18475981	51780	109972305
28728082	18475981	51780	109964977
28705641	18475981	51780	109926641
28757821	18475981	51780	109960686
28674564	18475981	51780	109940571
28661489	18475981	51780	109901678
28686505	18475981	51780	109969264
28725658	18475981	51780	109959113
28703116	18475981	51780	109964469
28676682	18475981	51780	109964349
28581791	18475981	51780	109960301
28704131	282	51780	109962017
28571857	282	51780	109936173
28575658	282	51780	109962791
28526386	282	51780	109937407
28568243	282	51780	109984396
28571866	282	4953	109992269
29834910	282	28846	110019632
28992251	234	28846	110010592
29018599	447	28846	109974835
28963794	440	28846	110047290
28963704	440	28846	109969505
28822879	1826	28846	109918182
28691150	3088	28846	109962997
28652749	1373	28846	109936421
28742708	3866	28846	109907332
28764947	1197	28846	109962080
28661988	2328	28846	109967984
28851395	207	28846	109960969
28746123	3754	28846	109958441
28755335	2950	28846	109959646
28704347	1711	28846	109960332
28732849	7039	28846	109932687
28766276	3351	28846	109963299
28570349	5871	28846	109943226
28544520	3492	28846	109984146
28635331	5056	28846	109977752
28483107	4338	28846	109963361
28484508	5887	28846	109960946
29259452	5887	49507	109997250
28881684	5480	49507	110036277
28940899	5583	49507	109976471
28835732	4402	49507	109920073
28976790	4262	49507	109962378
28918501	6940	49507	109934257
28865886	6048	49507	109964402
28895379	4672	49507	109959050
28942708	5842	49507	109954635
28818720	5068	49507	109963456
28854903	6616	49507	109959157
28708055	8256	49507	109957444
28668240	4872	49507	109969021
28769643	9019	49507	109933078
28794862	6958	49507	109956469
28633595	10120	49507	109931905
28500894	10256	49507	109971130
28615786	9017	49507	109973074
28738712	7500	49507	109966089
28646499	9860	49507	109960597
28537395	8875	49507	109967000
28618854	8704	49507	109960339
24598306	8704	79318	109996138
15142480	8704	40863	109972012
15182751	8704	7929	110038655
6556986240	16329608	3255007	26534503279
5616080	16329608	2128	110020584
5707593	16329608	27731	109938288
9589245	16329608	27471	109933649
6026031	16329608	27471	110010304
6535645	16329608	28220	109954157
19205505	16329608	27191	110030948
28526715	16329608	27191	110035135
29020301	99	27191	109949377
28983032	99	27191	109994652
29085203	1214	27191	109933164
29056250	1214	27191	109965109
29031062	1214	27191	110012322
29013432	1798	27191	110028594
28901081	1798	27191	110019311
29051265	1798	27191	110021884
29054489	748	27191	110020751
29107522	32	27191	110017855
28904232	1492	27191	109990812
28863691	1492	27191	110022260
28829819	243	27191	109988644
28795722	810	27191	110017340
28816516	2332	27191	110020412
28852917	1587	27191	110016816
28858975	410	27191	110018923
28763087	2579	27191	110017271
28697188	2224	27191	110035263
28750930	2258	27191	110013783
28872747	2258	18585	110010240
29359933	2258	18953	110074005
29599324	2369	18953	110022455
29664661	2412	18953	110041698
29624101	93	18953	110028086
29603616	93	18953	110015263
29617552	527	18953	109995408
29594314	527	18953	109981044
29503310	2471	18953	109977173
29490864	2471	18953	109981001
29302214	1447	18953	109965147
29191005	2337	18953	110003464
29171920	4700	18953	109978789
29186018	3199	18953	110002837
29155850	1739	18953	110003165
29139177	4563	18953	110010284
28936381	5134	18953	109980204
29046199	2421	18953	109974162
29101692	4073	18953	109979901
29027862	3761	18953	109981295
29100830	6622	18953	109980363
29094799	3345	18953	110002541
29067076	5837	18953	109982302
29866385	5837	58736	110002375
29498321	5908	58736	110029402
29389320	3806	58736	110021779
29389870	4176	58736	110009930
29431900	3100	58736	110015592
29333560	5677	58736	110009084
29274324	6559	58736	110014191
29279712	6636	58736	109990580
29268563	6406	58736	110013781
29282116	6364	58736	109994892
29247718	5603	58736	110029544
29070748	7910	58736	110009758
29084952	4923	58736	110013620
29103538	7575	58736	110010143
29059155	7797	58736	110014313
29109951	9244	58736	110009951
29069272	6603	58736	110009971
29061955	8118	58736	109990084
29007345	7755	58736	110011721
28958173	8370	58736	109991461
28735275	8964	58736	110004021
28808065	7238	58736	110009280
29996287	7238	32231	110014000
29633180	7238	8883	110009363
29140995	7498	8883	110010385
29201764	9533	8883	110008992
29351969	7980	8883	110022375
29019314	9882	8883	109999285
28986299	10342	8883	110002921
28839827	8721	8883	109990054
28946675	10365	8883	110011197
28875767	9075	8883	110009933
28817801	8409	8883	110008561
28839269	8391	8883	110008081
28809595	9317	8883	110008618
28854495	9924	8883	110021463
28816647	10942	8883	110001411
28942706	12506	8883	109987298
28942537	11619	8883	110006311
28886495	12420	8883	109989771
28785658	10350	8883	110006656
28833269	9800	8883	110077040
28811102	11858	8883	110007778
28707281	10824	8883	110006158
28008898	2581	8883	109998242
31187268	2581	57174	110004352
28955783	12498	57174	110003977
28925303	12518	57174	109980418
28871120	10173	57174	110007070
28954127	13093	57174	109995997
28932030	13964	57174	110011037
28721111	11863	57174	109978784
28918613	12981	57174	110017405
28890396	12229	57174	109997973
28833189	11718	57174	110001726
28917099	11160	57174	110002198
28688881	15374	57174	110005917
28567647	12837	57174	109982806
28662870	15995	57174	110000893
28623125	16015	57174	109983635
28527751	15103	57174	110003299
28676957	13341	57174	109997096
28662327	13158	57174	110005096
28535878	13682	57174	110000724
28609509	13380	57174	110001681
28596704	15017	57174	110001388
28610248	15596	57174	110001648
20139857	15596	107520	109980787
14616774	15596	22459	110008729
10712988	437993	90590	103894343
34441900397	75263013	13904012	138874422123
