31024280	636423	358325	107615692
32429601	1378908	351280	110074759
86988299	2344606	850532	275608302
1192224532	32768885	12658744	3943913400
1192224532	46407	967097	33316292
3455925	3575447	355572	137966438
3455925	3379923	355572	58743400
49155710	1531633	886705	364903040
49155710	1531633	886705	112101777
49155710	1531633	886705	111481043
1418383	1531633	886705	111222292
1418383	1531633	886705	110979913
1560388	1531633	886705	110794711
22934005	1531633	886705	110667515
34292611	1531633	886705	110557907
33179653	1531633	886705	110477291
32467689	1531633	886705	110408543
32062791	1531633	886705	110355902
31645518	1531633	886705	110273045
598518468	7320069	2708294	2604524347
8479339	7320069	2708294	110411155
4751803	7320069	2708294	110358491
7369640	7320069	2708294	110320498
11288633	7320069	2708294	110293997
10561502	7320069	2708294	110260280
35021695	7320069	2708294	110240036
35291397	7320069	2708294	110231178
34667242	7320069	2708294	110200762
34088513	7320069	2708294	110186468
33555899	7320069	2708294	110169926
33478322	7320069	2708294	110155214
33485789	7320069	2708294	110140719
33246870	7320069	2708294	110127095
32947753	7320069	2708294	110136780
32595199	7320069	2708294	110113415
32420702	7320069	2708294	110107479
32524689	7320069	2708294	110100088
31941857	7320069	2708294	110092703
31718598	7320069	2708294	110049124
31459736	7320069	2708294	110077761
31155502	7320069	2708294	110077271
30966668	7320069	2708294	110066413
31841711	7320069	2708294	110064180
31634561	7320069	2708294	110060435
31436339	7320069	2708294	110053119
31149947	7320069	2708294	110052269
30568091	7320069	2708294	110048563
30486249	7320069	2708294	110046531
30397276	7320069	2708294	110043530
30270880	7320069	2708294	110026374
30137970	7320069	2708294	110038842
30040598	7320069	2708294	110041814
29986794	7320069	2708294	110051152
20948760	7320069	30358	110040867
17755216	7320069	12826	110045959
13073976	601695	168598	101726984
4512315479	26107928	8800944	18808469767
