31823905	657233	366812	108396337
33323151	1311340	342100	111290906
93428699	2434646	916440	293906987
1217255429	32908239	13177652	4024125729
1217255429	47368	891545	32078808
11128804	2513096	260571	114590071
0	0	0	0
0	0	0	0
0	0	0	0
0	0	0	0
0	0	0	0
0	0	0	0
194114235	6580128	2273975	698135578
194114235	1063961	2273975	13017161
0	0	0	0
0	0	0	0
0	0	0	0
0	0	0	0
0	0	0	0
0	0	0	0
181077580	8452741	829289	767700036
909865104	32474056	13608927	3612544879
112023267	32474056	13608927	113971429
122015835	32474056	13608927	355721685
67530607	32474056	13608927	112478146
38200012	32474056	13608927	111974569
18080376	32474056	13608927	108585634
24246973	32474056	13608927	252905307
8105500	32474056	158240	111029954
6717940	32474056	205754	110905290
6493889	32474056	262600	110800727
5185018	32474056	326339	110721118
5708107	32474056	339098	110644753
5703203	32474056	373851	110583502
6460206	32474056	389906	110515310
6979849	32474056	410537	110508569
6085150	32474056	425550	110407458
5509464	32474056	437239	110430876
7828770	32474056	453094	110333337
6298444	32474056	446826	110333757
7998177	32474056	443821	110354422
8626752	32474056	453595	110275274
7797211	32474056	435765	110310520
8466122	32474056	438002	110248047
9766188	32474056	448520	110232079
10907236	32474056	455769	110268776
11473265	32474056	447263	110199665
11139304	32474056	439172	110245274
10444285	32474056	429578	109756991
11085632	32474056	437006	110176878
11596428	32474056	433378	110224265
12209392	32474056	431678	110215527
13507860	32474056	449623	110205756
13984999	32474056	441337	110193110
14049911	32474056	439495	110142555
14429367	32474056	436564	110186673
13623248	32474056	428787	110028400
1798443185	15011050	22556416	7775655299
1798443185	15011050	302235	110150403
1798443185	15011050	331252	110288063
1798443185	15011050	335399	109097696
1798443185	15011050	343757	110259298
1798443185	15011050	349389	110257321
1798443185	15011050	364298	110203250
1798443185	15011050	349937	110234509
1798443185	15011050	349117	110254262
1798443185	15011050	353792	110220482
1798443185	15011050	357945	110229473
1798443185	15011050	363858	110220643
1798443185	15011050	385248	110220912
1798443185	15011050	369077	110214002
1798443185	15011050	366537	110208577
1798443185	15011050	599676	110208585
1798443185	15011050	1109883	110161772
1798443185	15011050	1044511	110181481
1798443185	15011050	1002598	110181444
1798443185	15011050	964327	110172820
795969077	5375521	14228831	4321379049
795969077	5375521	2351736	110112566
2503771381	17501273	42700057	13382573041
575214	24692	26635	4082042
