29195368	581850	338590	100835732
32601093	1316468	355981	109620704
79467064	2117954	775218	253738964
1183486099	31688958	12374832	3907633116
816773294586820	22494089593718	9372925805625	2773491180790922
816773294586820	1328528271726	9372925805625	128784515104
816773294586820	2170610655464	9372925805625	346110600567
816773294586820	1049437033219	9372925805625	183940302361
816773294586820	1711368244303	9372925805625	183940302361
816773294586820	1436162926346	9372925805625	183940302361
816773294586820	231473045730	51481258605	183940302361
23295418719857	231473045730	51481258605	936240664414
22934821468244	231473045730	51481258605	740264024700
739833228167	231473045730	51481258605	518622621423
12652466845467	231473045730	51481258605	498381460985
4809142143023	231473045730	51481258605	417576004715
1089160004342	231473045730	51481258605	354897166520
1089160004342	231473045730	51481258605	537800375416
1089160004342	231473045730	51481258605	235589933327
1089160004342	231473045730	51481258605	208807366995
1089160004342	231473045730	51481258605	185492393859
1089160004342	231473045730	3821778126	166814742513
1089160004342	231473045730	15927793280	150069176638
1089160004342	231473045730	4511487397	132439590748
1089160004342	231473045730	4511487397	123716668783
1089160004342	231473045730	4511487397	110164000981
1089160004342	231473045730	4402161630	101425702976
1089160004342	231473045730	10268334279	89750987966
1089160004342	231473045730	10193907135	91106596951
1089160004342	231473045730	12537830145	83200616101
1089160004342	231473045730	14875418793	77178340780
1089160004342	231473045730	16515150874	71421106443
1089160004342	231473045730	15707385941	64988402361
1089160004342	231473045730	17296312217	63086206872
1089160004342	231473045730	19420714894	59179427308
1089160004342	231473045730	19655888818	53690737492
1089160004342	231473045730	19821900148	52344425084
1089160004342	231473045730	20292874372	49022291635
1089160004342	231473045730	20707643655	43863976630
1089160004342	231473045730	21362484281	44202552614
1089160004342	231473045730	22757674432	41876412531
1089160004342	231473045730	22380393756	37553998303
1089160004342	231473045730	21629256450	37907642648
1089160004342	231473045730	22689726138	36040383600
1089160004342	231473045730	22575804814	30831220125
1089160004342	231473045730	22606649696	32562298895
1089160004342	231473045730	23522540744	29688044156
1089160004342	231473045730	21896511142	28586982018
1089160004342	231473045730	22321436392	28533467434
1089160004342	231473045730	20840390985	25141619637
1089160004342	231473045730	21841602796	25809964956
1089160004342	231473045730	22988622129	25345306475
1089160004342	231473045730	22509506238	24343144655
1089160004342	231473045730	21580918931	23253758376
1089160004342	231473045730	22793925014	24831292108
1089160004342	231473045730	22075105802	19916132363
1089160004342	231473045730	19860969621	21659614049
1089160004342	231473045730	21459626607	20368949855
1089160004342	231473045730	20384330047	18413698479
1089160004342	231473045730	20474345626	19207213069
1089160004342	231473045730	20805091846	18218353146
1089160004342	231473045730	19128252630	17542782378
1089160004342	231473045730	19106092521	17270240453
1089160004342	231473045730	18758327428	16678876701
1089160004342	231473045730	17996217692	15264883483
1089160004342	231473045730	19174489135	15632129117
1089160004342	231473045730	17575786478	13004810750
1089160004342	231473045730	15881372209	14081449240
1089160004342	231473045730	16331317914	14038533710
1089160004342	231473045730	15886564970	12231123391
1089160004342	231473045730	15206570414	14099531169
1089160004342	231473045730	16225084515	13012931173
1089160004342	231473045730	15638349289	12074246128
1089160004342	231473045730	15530146903	12503910137
1089160004342	231473045730	14562684888	12038842274
1089160004342	231473045730	14497440683	10921317269
1089160004342	231473045730	14269478997	11538426724
1089160004342	231473045730	12479359169	11006902503
1089160004342	231473045730	12126227976	10561428650
1089160004342	231473045730	13273975047	10493626764
1089160004342	231473045730	12826650927	10347110161
1089160004342	231473045730	12456623767	9436490902
1089160004342	231473045730	12278183947	9640603584
1089160004342	231473045730	12288078324	8814097587
1089160004342	231473045730	10946283196	9559345823
1089160004342	231473045730	11484950356	8970709149
1089160004342	231473045730	11748954654	6582310582
1089160004342	231473045730	12348857243	8670362869
1089160004342	231473045730	11680178233	7483690940
1089160004342	231473045730	10999988640	7526256855
1089160004342	231473045730	11246851576	8221641503
1089160004342	231473045730	11259778993	7952040277
1089160004342	231473045730	11259778993	12784625288
1089160004342	231473045730	11259778993	7145779228
1089160004342	231473045730	11259778993	7553970387
1089160004342	231473045730	11259778993	7372750122
1089160004342	231473045730	11259778993	4033585051
1089160004342	231473045730	11259778993	8055625894
1089160004342	231473045730	11259778993	6190722640
1089160004342	231473045730	11259778993	6898349570
1089160004342	231473045730	11259778993	6543543561
1089160004342	231473045730	11259778993	6734223342
1089160004342	231473045730	11259778993	5802158540
1089160004342	231473045730	11259778993	6445411067
1089160004342	231473045730	11259778993	6374298521
1089160004342	231473045730	11259778993	4686869918
1089160004342	231473045730	11259778993	6121012753
1089160004342	231473045730	11259778993	5873111470
1089160004342	231473045730	11259778993	5961548022
1089160004342	231473045730	11259778993	5094824010
1089160004342	231473045730	11259778993	5615753871
1089160004342	231473045730	11259778993	5554572008
1089160004342	231473045730	11259778993	5495635996
1089160004342	231473045730	11259778993	5168628727
1089160004342	231473045730	11259778993	5212497699
1089160004342	231473045730	11259778993	5041847562
1089160004342	231473045730	11259778993	4087654147
1089160004342	231473045730	11259778993	5003326235
1089160004342	231473045730	12870293	4998815337
1089160004342	231473045730	12870293	4767205728
1089160004342	231473045730	12870293	4782065515
1089160004342	231473045730	12870293	4663397932
1089160004342	231473045730	12870293	4621601364
1089160004342	231473045730	12870293	4625405694
1089160004342	231473045730	12870293	4284465351
1089160004342	231473045730	12870293	4312474184
1089160004342	231473045730	18084261	3960208812
1089160004342	231473045730	18084261	4096413623
1089160004342	231473045730	18084261	4205690999
1089160004342	231473045730	18084261	4273311310
1089160004342	231473045730	18084261	3795227856
1089160004342	231473045730	18084261	3958067804
1089160004342	231473045730	18084261	1654314404
1089160004342	231473045730	257698120	3860938087
1089160004342	231473045730	257698120	3916705246
1089160004342	231473045730	257698120	3708369669
1089160004342	231473045730	257698120	3730914927
1089160004342	231473045730	257698120	3558894266
1089160004342	231473045730	257698120	1220880556
1089160004342	231473045730	257698120	4164710875
1089160004342	231473045730	257698120	4086754135
1089160004342	231473045730	257698120	4022321841
1089160004342	231473045730	257698120	3971923378
1089160004342	231473045730	257698120	3910132451
1089160004342	231473045730	6439587007	3865194369
1089160004342	231473045730	18660544718	3299165972
1089160004342	231473045730	18366173161	3755416104
1089160004342	231473045730	18010124727	3707444071
1089160004342	231473045730	17741209335	3664606382
1089160004342	231473045730	17497787674	3605128641
1089160004342	231473045730	17145576661	3562693105
1089160004342	231473045730	16884026580	3516234736
1089160004342	231473045730	18977267225	3475447773
1089160004342	231473045730	15378094159	2934703731
1089160004342	231473045730	14671420725	3407023886
1089160004342	231473045730	13793602200	3323787913
1089160004342	231473045730	7445204399	14461718940
1089160004342	231473045730	40623932290	2817872853
1089160004342	231473045730	116410846812	2777572233
1089160004342	231473045730	53243918605	2729697201
1089160004342	231473045730	23573666745	2267301552
251555704066	231473045730	7872030449	2880588111
29031487171	6651263371	5153508458	13862076292
