31638896	648602	362164	108657812
31838267	1347048	345413	109885268
85871204	2276223	855782	272947077
1198731461	32340938	12775807	3970278015
1198731461	108330	1113370	38140178
17191342	2029441	870516	116084734
17191342	966825	870516	15511705
0	0	0	0
0	0	0	0
0	0	0	0
0	0	0	0
0	0	0	0
0	0	0	0
194266067	8710403	2373951	767971800
194266067	1723571	2373951	19185157
0	0	0	0
0	0	0	0
0	0	0	0
0	0	0	0
0	0	0	0
0	0	0	0
227054321	5584710	2082051	709461044
227054321	3519581	2082051	41327018
227054321	1934808	2082051	60930351
227054321	1732352	2082051	67830190
537386184	20899521	6603284	2082283758
0	0	0	0
0	0	0	0
0	0	0	0
0	0	0	0
126686975	7099314	1531801	555931628
0	0	0	0
0	0	0	0
0	0	0	0
0	0	0	0
0	0	0	0
0	0	0	0
175203183	7381230	2128873	694063868
0	0	0	0
0	0	0	0
0	0	0	0
0	0	0	0
0	0	0	0
0	0	0	0
0	0	0	0
182578045	10221173	2224394	800110946
0	0	0	0
0	0	0	0
0	0	0	0
0	0	0	0
0	0	0	0
0	0	0	0
172086421	7020863	2115586	674668802
44610307	7020863	2115586	24332758
0	0	0	0
0	0	0	0
0	0	0	0
0	0	0	0
0	0	0	0
171448587	8445202	2009880	712760997
171448587	836848	2009880	12139667
0	0	0	0
0	0	0	0
0	0	0	0
0	0	0	0
0	0	0	0
0	0	0	0
185351288	8678235	2186044	757260644
185351288	2151030	39203	56860098
185351288	1590092	39203	65949152
1176912143	55903681	14813382	5062397466
33283321	2233061	994543	38982427
33283321	3435764	994543	29837432
0	0	0	0
0	0	0	0
0	0	0	0
0	0	0	0
0	0	0	0
0	0	0	0
161358631	8511281	1888159	693443785
161358631	3032839	1888159	41166489
161358631	3032839	1888159	73003926
232583003	15159865	5999681	1274671074
30700581	1651444	5999681	36414865
30700581	2380621	5999681	29181904
30700581	3013215	5999681	31572133
30700581	10109671	5999681	29319509
30700581	10109671	5999681	36439146
175211867	8240930	900522	621391674
175211867	3536679	900522	40202596
71599562	2468421	900522	34571389
71599562	2468421	900522	78538425
62061506	5153693	1232749	501566299
21557400	2281066	740007	46484421
21557400	3083820	740007	31927804
21557400	1197486	740007	14090110
0	0	0	0
0	0	0	0
0	0	0	0
0	0	0	0
0	0	0	0
0	0	0	0
221640842	7382879	1429629	747586933
0	0	0	0
0	0	0	0
0	0	0	0
0	0	0	0
94001594	5797249	1246103	501241218
94001594	5797249	68695	76145231
369618115	22792097	4344668	1821572002
369618115	3450387	4344668	31268314
369618115	2694203	4344668	29035079
29832545	2694203	4344668	64454415
29832545	2694203	42575	80410152
89579185	7148905	1224638	534738313
89579185	1905048	1224638	31246757
32217028	1714418	1224638	58480929
32217028	2842769	1224638	53336881
32217028	3772192	36321	89694480
97321162	9730449	1223512	565721336
0	0	0	0
0	0	0	0
0	0	0	0
0	0	0	0
0	0	0	0
0	0	0	0
0	0	0	0
161446808	10813786	1787509	779910288
0	0	0	0
0	0	0	0
0	0	0	0
0	0	0	0
0	0	0	0
0	0	0	0
191039331	9404252	1481338	754588816
191039331	3474329	1481338	45520520
191039331	2509409	106943	62766177
191039331	2488986	229564	78563292
429497510	29247290	4760754	2090016770
28708758	29247290	4760754	10285419
0	0	0	0
0	0	0	0
0	0	0	0
0	0	0	0
0	0	0	0
0	0	0	0
152951378	12624793	1679001	795241286
152951378	2915823	1679001	41779180
152951378	3444766	159264	87920522
239364724	19179359	2858917	1256266257
30935572	1311667	2858917	53924543
30935572	2776459	2858917	43248125
30935572	353414	31029	6930733
10629141	183151	31029	12321626
16982789	1271015	207780	88281059
12757154	1271015	207780	15395742
0	0	0	0
0	0	0	0
66157346	3592008	900061	338844947
66157346	3592008	473667	68481071
227748178	15089213	3382798	1167608261
227748178	1214872	730735	23740306
24560270	2896633	917705	201083315
24560270	1266933	645411	67405825
24560270	982980	677052	26521433
42352732	982980	677052	42291795
0	0	0	0
0	0	0	0
0	0	0	0
0	0	0	0
0	0	0	0
0	0	0	0
143070795	9331505	1637876	688967531
0	0	0	0
0	0	0	0
0	0	0	0
0	0	0	0
0	0	0	0
0	0	0	0
0	0	0	0
156901550	10742502	2027683	815471359
365474581	24450959	4515271	1831868547
35853249	629952	4515271	46448445
35853249	629952	398189	65755122
47589240	3706096	771937	267074181
12623321	1593539	162453	78923601
12623321	2098758	162453	36574423
12623321	597446	162453	10599731
0	0	0	0
0	0	0	0
0	0	0	0
0	0	0	0
0	0	0	0
0	0	0	0
153457844	10118806	1763755	742973602
0	0	0	0
0	0	0	0
0	0	0	0
0	0	0	0
0	0	0	0
0	0	0	0
0	0	0	0
0	0	0	0
0	0	0	0
0	0	0	0
0	0	0	0
262259321	17139205	3015797	1265257848
19345814	1496344	222680	99938618
41212919	1496344	222680	31983375
8858856	818250	108346	49793746
18399120	2407864	234642	121513761
18399120	2407864	392522	64588798
18399120	2407864	403800	67099816
646483926	42298212	7779796	3171955126
0	0	0	0
0	0	0	0
0	0	0	0
0	0	0	0
0	0	0	0
0	0	0	0
142811717	9911803	1666245	707456634
142811717	28516	1666245	782646
0	0	0	0
0	0	0	0
0	0	0	0
0	0	0	0
0	0	0	0
0	0	0	0
199239788	10578031	1483426	807792929
199239788	1264588	1483426	20987410
0	0	0	0
0	0	0	0
0	0	0	0
0	0	0	0
0	0	0	0
0	0	0	0
146846368	9708490	1686034	712569717
0	0	0	0
0	0	0	0
0	0	0	0
0	0	0	0
0	0	0	0
0	0	0	0
140783891	9326118	1614522	683418077
0	0	0	0
0	0	0	0
0	0	0	0
0	0	0	0
0	0	0	0
0	0	0	0
0	0	0	0
156701562	11696357	1834324	792825207
156701562	919600	370851	100160240
156701562	919600	395191	68108718
6610168704	428599755	77105480	32046119261
0	0	0	0
0	0	0	0
0	0	0	0
140963701	7220328	3215883	758255363
233786633	7220328	3215883	191629755
266380335	7220328	3215883	114144688
76390027	7220328	3215883	32722827
0	0	0	0
0	0	0	0
0	0	0	0
0	0	0	0
0	0	0	0
0	0	0	0
317628409	1219009	1211246	808146023
620694162	5755533	1718914	2257016117
77827666	5755533	1718914	118619676
238978983	5755533	1718914	113997572
245347441	5755533	1718914	644666636
0	0	0	0
53523586	1249536	342257	174942106
127222747	1249536	342257	43857735
361851582	1249536	342257	885053227
238239463	1249536	342257	117457832
198268469	1249536	955447	117251964
82840481	1249536	955447	116892313
83278066	1249536	955447	116935461
83071054	1249536	955447	116662432
85034386	1249536	955447	116421062
79847522	1249536	955447	116130739
129848513	1249536	955447	115970878
201557406	1249536	955447	115232127
303130058	1249536	955447	115104431
305635614	1249536	955447	114885603
37145291	1249536	4304216	115124400
60010995	1249536	4304216	115000472
59265989	1249536	4304216	114836744
55842033	1249536	4304216	114392973
54256716	1249536	4304216	114546795
54402278	1249536	4304216	114201819
65184004	1249536	4304216	110707839
66694093	1249536	4304216	114126170
65233385	1249536	4304216	114011772
64336814	1249536	4304216	113881744
63833305	1249536	4304216	113776523
51156654	1249536	4304216	113599990
51156654	1249536	890227	112512224
51156654	1249536	890227	113471760
51156654	1249536	890227	113379439
51156654	1249536	890227	113274454
51156654	1249536	890227	113201450
38488989	1249536	4284460	113110453
14613015	1249536	3864004	111953583
48744048	1249536	1459992	112485800
55426187	1249536	654797	113007759
55117101	1249536	466175	112926244
46763502	1249536	233363	112867699
45936561	1249536	420866	112794888
87435721	1249536	420866	112698190
83111504	1249536	420866	112624823
82627017	1249536	420866	112512913
83426485	1249536	420866	112454403
76767180	1249536	420866	112420994
67499087	1249536	420866	112372328
64627539	1249536	420866	112340915
63551633	1249536	420866	112273941
58395176	1249536	420866	112235365
54718167	1249536	420866	112165571
54781622	1249536	420866	112155109
33560800	1249536	1090541	112125623
17079350	1249536	494753	112112583
4490546	1249536	2992337	112068846
44407779	1249536	913124	112023925
64958713	1249536	913124	111945509
53322316	1249536	913124	111942955
34877079	1249536	913124	111894238
59197712	1249536	832066	111879855
67882161	1249536	832066	111794080
66197631	1249536	832066	111713362
65371035	1249536	832066	111644812
65112653	1249536	832066	111630432
63481426	1249536	832066	111597284
60698143	1249536	832066	111577553
61477750	1249536	832066	111540951
65002329	1249536	832066	111516926
63209628	1249536	832066	111421001
60128356	1249536	832066	111462925
58180430	1249536	832066	111409478
57280128	1249536	832066	111413205
56581242	1249536	832066	111381798
61681326	1249536	832066	111359852
60163259	1249536	832066	111334734
57415909	1249536	832066	111317898
56093315	1249536	832066	111286219
55706761	1249536	832066	111291007
55087850	1249536	832066	111224153
23234038	1249536	2475333	111265712
68399950	1249536	2475333	111271045
52346976	1249536	734070	169206868
40923458	1249536	1271872	111242365
78039716	1249536	1271872	111194763
76713668	1249536	1271872	111117455
77659751	1249536	1271872	111147549
76793239	1249536	1271872	111057109
71453346	1249536	1271872	110996596
73756043	1249536	1271872	111029833
71383115	1249536	1271872	111007006
73775605	1249536	1271872	111005188
71959454	1249536	1271872	110997930
72476336	1249536	1271872	110949153
71671305	1249536	1271872	110951529
69741401	1249536	1271872	110937163
69991966	1249536	1271872	110922476
68879320	1249536	1271872	110908748
68123215	1249536	1271872	110897366
68623424	1249536	1271872	110882647
70789893	1249536	1271872	110883193
70496620	1249536	1271872	110855833
66955958	1249536	1271872	110830503
68286356	1249536	1271872	110832972
66926025	1249536	1271872	110821824
66292311	1249536	1271872	110809878
66066785	1249536	1271872	110799186
64852176	1249536	1271872	110787449
60900487	1249536	1271872	110731206
63520205	1249536	1271872	110769409
63294092	1249536	1271872	110742091
63219605	1249536	1271872	110758884
65413808	1249536	1271872	110735357
65411368	1249536	1271872	110724874
61646432	1249536	1271872	110719562
62962667	1249536	1271872	110706740
61913722	1249536	1271872	110697390
61946776	1249536	1271872	110688357
61275528	1249536	1271872	110678541
60257632	1249536	1271872	110659989
60407411	1249536	1271872	110661365
59933541	1249536	1271872	110649907
59739133	1249536	1271872	110645942
59329819	1249536	1271872	110617490
11307924	1249536	1853677	110682628
11307924	1249536	1853677	110722120
11307924	1249536	1853677	110654822
11307924	1249536	1853677	110637949
11307924	1249536	1853677	110571506
11307924	1249536	1853677	110623126
11307924	1249536	1853677	110599152
11307924	1249536	1853677	110606806
11307924	1249536	1853677	110595600
11307924	1249536	1853677	110581770
11307924	1249536	1853677	110582975
11307924	1249536	1853677	110565590
11307924	1249536	1853677	110563045
11307924	1249536	1853677	110557768
11307924	1249536	1853677	110551722
11307924	1249536	1853677	110543379
11307924	1249536	1853677	110529284
11307924	1249536	1853677	110529989
11307924	1249536	1853677	110527542
11307924	1249536	1853677	110510642
11307924	1249536	1853677	110516327
11307924	1249536	1853677	110507489
11307924	1249536	1853677	110493475
11307924	1249536	1853677	110500764
11307924	1249536	1853677	110459530
11307924	1249536	1853677	110485797
11307924	1249536	1853677	110453772
11307924	1249536	1853677	110456608
11307924	1249536	1853677	110381800
11307924	1249536	1853677	110421984
11307924	1249536	1853677	110430488
11307924	1249536	1853677	110405470
11307924	1249536	1853677	110408548
11307924	1249536	1853677	110395534
11307924	1249536	1853677	110382463
11307924	1249536	1853677	110419349
11307924	1249536	1853677	110424194
11307924	1249536	1853677	110416647
11307924	1249536	1853677	110407131
11307924	1249536	1853677	110401600
11307924	1249536	1853677	110397758
11307924	1249536	1853677	110388861
11307924	1249536	1853677	110391186
11307924	1249536	1853677	110385808
11307924	1249536	1853677	110363133
11307924	1249536	1853677	110377978
11307924	1249536	1853677	110354080
11307924	1249536	1853677	110374881
11307924	1249536	1853677	110366180
11307924	1249536	1853677	110364639
11307924	1249536	1853677	110356186
11307924	1249536	1853677	110356568
11307924	1249536	1853677	110349718
11307924	1249536	1853677	110345242
11307924	1249536	1853677	110356424
11307924	1249536	1853677	110330664
11307924	1249536	1853677	110333792
11307924	1249536	1853677	110330975
11307924	1249536	1853677	110331111
11307924	1249536	1853677	110328509
11307924	1249536	1853677	110310931
11307924	1249536	1853677	110309915
11307924	1249536	1853677	110313715
11307924	1249536	1853677	110325680
11307924	1249536	1853677	110266175
11307924	1249536	1853677	110305343
11307924	1249536	1853677	110302488
11307924	1249536	1853677	110301731
11307924	1249536	1853677	110295579
11307924	1249536	1853677	110293489
11307924	1249536	1853677	110285756
11307924	1249536	1853677	110292015
11307924	1249536	1853677	110227815
11307924	1249536	1853677	110299141
11307924	1249536	1853677	110272086
11307924	1249536	1853677	110309019
32092	1249536	1853677	110272588
202361	1249536	1853677	110289856
399488	1249536	1853677	110274874
578836	1249536	1853677	110358186
604130	1249536	1853677	110275377
852975	1249536	1853677	110264781
199513	1249536	224704	110268789
54691846	1249536	348899	110369689
44547168	1249536	339340	110329086
29166616	1249536	876191	110404072
41500955	1249536	845057	110375223
60384778	1249536	845057	110350309
59848661	1249536	845057	110288291
60366370	1249536	845057	110306537
59944832	1249536	845057	110291530
57249182	1249536	845057	110317736
58559756	1249536	845057	110306563
57324464	1249536	845057	110325269
59128536	1249536	845057	110295377
58435230	1249536	845057	110271480
58671917	1249536	845057	110272728
58539832	1249536	845057	110266285
57405339	1249536	845057	110273045
57484028	1249536	845057	110302899
57059459	1249536	845057	110273281
56627420	1249536	845057	110299762
57048103	1249536	845057	110264157
58541491	1249536	845057	110288814
57236588	1249536	845057	110224159
55477247	1249536	845057	110296778
56538233	1249536	845057	110300832
56179805	1249536	845057	110301528
56204576	1249536	845057	110294351
56208269	1249536	845057	110289829
55480500	1249536	845057	110272052
53624605	1249536	845057	110298653
55346223	1249536	845057	110288068
55237948	1249536	845057	110284103
54888554	1249536	845057	110267396
56535870	1249536	845057	110272903
55165694	1249536	845057	110246652
53251565	1249536	845057	110274479
54975028	1249536	845057	110284673
54742693	1249536	845057	110286026
54822032	1249536	845057	110250221
54664853	1249536	845057	110247609
53860640	1249536	845057	110241473
54100443	1249536	845057	110247391
53570895	1249536	845057	110199292
53668426	1249536	845057	110268646
53445135	1249536	845057	110257743
27354977	1249536	862046	110303119
13785057142	102967627	41166694	54294109653
6368930	102967627	2149533	110490876
5765373	102967627	1949706	110458996
5765373	102967627	4867887	110474188
4962874	102967627	2312453	110453582
9662262	102967627	1602341	110463353
18500104	1782527	1602341	110438585
31500435	2259708	1602341	110360510
30487713	2220965	1602341	110338848
31262682	2236303	1602341	110324780
31199250	2226546	1602341	110308420
31038295	2201747	1602341	110317858
30750105	2161970	1602341	110300138
31020447	2178519	1602341	110307231
30813141	2158252	1602341	110299034
31753507	2174309	1602341	110292885
32553193	2158221	1602341	110238593
32222403	2096281	1602341	110294454
31746192	2094229	1602341	110283660
31088299	2038956	1602341	110294609
30926228	2060336	1602341	110280619
30891257	2042498	1602341	110287026
31407941	2060973	1602341	110276575
29765808	1946911	1602341	110296564
29748211	1965105	1602341	110260036
30702733	2001168	1602341	110278908
30699693	1998869	1602341	110272886
29016277	1861793	1602341	110277186
28969029	1926341	1602341	110263429
28606567	1887784	1602341	110255718
30781055	1969548	1602341	110254492
30166288	1923558	1602341	110613179
28774339	1889894	1602341	110256562
29121637	1858093	1602341	110257204
31167648	1930058	1602341	110248303
30321676	1922919	1602341	110254798
28429225	1844812	1602341	110203022
31016940	1885344	1602341	110250455
30589121	1907476	1602341	110249081
28603001	1833923	1602341	110268384
29150749	1851831	1602341	110226339
30848688	1904888	1602341	110244020
29844426	1856389	1602341	110207052
28632148	1740900	1602341	110227791
29972256	1883946	1602341	110223538
29652749	1829336	1602341	110224140
30603487	1882910	1602341	110222586
31064551	1883026	1602341	110220212
30561538	1858149	1602341	110256633
30583143	1848653	1602341	110221597
30663590	1844871	1602341	110221904
29874084	1802686	1602341	110229614
29753324	1829194	1602341	110219231
29294301	1768958	1602341	110225053
30738645	1791214	1602341	110217478
30355970	1800904	1602341	110223495
30304843	1767163	1602341	110148889
30100867	1762759	1602341	110242144
30291425	1777199	1602341	110207056
30084672	1740334	1602341	110224043
30432340	1743390	1602341	110209150
30429944	1757309	1602341	110214820
30256152	1753330	1602341	110206456
30279016	1753162	1602341	110211180
29254896	1703989	1602341	110203227
29062790	1718537	1602341	110210491
29138100	1709188	1602341	110201291
29587141	1730639	1602341	110206739
30378827	1735312	1602341	110197605
30014494	1719317	1602341	110278782
30213804	1714494	1602341	110194509
29574460	1704738	1602341	110187493
29799508	1623374	1602341	110186651
29558357	1685329	1602341	110184940
29668953	1683709	1602341	110138957
28710295	1652901	1602341	110152202
30233181	1649107	1602341	110115182
31066780	1639350	1602341	110158817
30844155	1624946	1602341	110164170
30639907	1619886	1602341	110182958
30065332	1624712	1602341	110175616
28801628	1606384	1602341	110175950
29747411	1609549	1602341	110173872
31531039	1465371	1602341	110172669
33464829	1522465	1602341	110079690
30172484	1606560	1602341	110140980
28849772	1581486	1602341	110148492
29484957	1603358	1602341	110148239
29728448	1613438	1602341	110154597
29923837	1603889	1602341	110188273
30047648	1598115	1602341	110168046
29537965	1587694	1602341	110166026
30492967	1600591	1602341	110163581
30235222	1587257	1602341	110160683
29710577	1571491	1602341	110200593
29409369	1561955	1602341	110163520
29422347	1532211	1602341	110124413
29353027	1498250	1602341	110178120
31410723	1597697	1602341	115810856
29828619	1517770	1602341	110200244
29558166	1514663	1602341	110221900
30617907	1516068	1602341	110220883
30137521	1532996	1602341	110230643
30197790	1528750	1602341	110227188
30511522	1529221	1602341	110216651
30352959	1511576	1602341	110206551
29763879	1511821	1602341	110206101
30217810	1490753	1602341	110223476
30255503	1487762	1602341	110216816
30790036	1483513	1602341	110215603
30693059	1471484	1602341	110209952
29039248	1424913	1602341	110212744
30120865	1449789	1602341	110216588
30590143	1479778	1602341	110238680
30431112	1473836	1602341	110211523
30779308	1462444	1602341	110174562
30606766	1467960	1602341	110163175
30462621	1473351	1602341	110214091
29875472	1441682	1602341	110210953
28799371	1396483	1602341	110205211
28629050	1405182	1602341	110215910
30160160	1453474	1602341	110218439
30182024	1434281	1602341	110208973
29790064	1426659	1602341	110205854
29470214	1404742	1602341	110203578
28916738	1424359	1602341	110210300
28624617	1421780	1602341	110218268
29964739	1451385	1602341	110229778
29725519	1443775	1602341	110237134
28629587	1396146	1602341	110221144
28927583	1416974	1602341	110225749
28955002	1403521	1602341	110217983
29887172	1417057	1602341	110204518
29123333	1384993	1602341	110171982
28551091	1341793	1602341	110142384
28130621	1335605	1602341	110148627
29261937	1285715	1602341	110105067
25624999	1131081	166502	110148759
12142669	1131081	33074	110145272
17663413	1131081	33074	110133445
18218188	1131081	33074	110131879
18786032	1131081	33074	110129581
18734513	1131081	33074	110131554
15550441	380343	33074	110180834
28404139	1977517	33074	110191602
28739574	1982270	33074	110146495
28307425	1972846	33074	110141946
28714248	2004261	33074	110140315
28768902	1992133	33074	110140418
28565890	1963105	33074	110136176
28341510	1942499	33074	110136881
28550735	1954973	33074	110139860
28296464	1958860	33074	110131983
28647826	1992347	33074	110132160
30416413	1915156	33074	110131815
28727305	1986454	33074	110119695
29294172	1961033	33074	110082267
29322114	1974633	33074	110124942
28098136	1871652	33074	110126790
27732273	1894046	33074	110136897
27817174	1873318	33074	110113698
28803755	1896201	33074	110119018
27967075	1886856	33074	110119141
27463972	1815956	33074	110120132
27519091	1816855	33074	110119547
28420252	1847528	33074	110118760
28522323	1894433	33074	110116653
27475010	1763902	33074	110126957
27328318	1805893	33074	110108630
28410288	1819104	33074	110113405
28154067	1812954	33074	110113413
28983254	1842703	33074	110115115
27884277	1796685	33074	110112643
27527829	1763437	33074	110111993
27860761	1781626	33074	110111431
28601572	1842680	33074	110060639
28646858	1820907	33074	110112024
27576788	1739971	33074	110102744
28470332	1760783	33074	110112598
28552988	1816684	33074	110108611
27543634	1785559	33074	110111815
27657955	1722334	33074	110105683
28108802	1755312	33074	110106596
28821162	1805633	33074	110106882
27878835	1757682	33074	110105412
27448555	1662791	33074	110106838
28113586	1800682	33074	110098563
27994801	1722634	33074	110115810
29004319	1764052	33074	110102304
28865077	1783703	33074	110180287
28455295	1783590	33074	110100170
28471799	1778821	33074	110099680
29281089	1777394	33074	110099354
28643741	1761421	33074	110109298
28366032	1720137	33074	110138491
28837525	1731076	33074	110082912
28674303	1706813	33074	110126753
29101667	1733838	33074	110125230
29592161	1754614	33074	110117176
29488144	1725239	33074	110123301
28895890	1720027	33074	110134221
28910440	1709073	33074	110137098
28748216	1732675	33074	110142272
28635177	1705334	33074	110152460
28998118	1726537	33074	110134648
28868368	1717159	33074	110141140
28136929	1697715	33074	110146967
28869908	1698807	33074	110143523
28829343	1672106	33074	110134241
29028021	1688197	33074	110130487
28393516	1656138	33074	110112058
28668095	1675188	33074	110139404
28504983	1683045	33074	110155686
29082487	1690910	33074	110163128
28898064	1692965	33074	110161519
28812286	1686252	33074	110109273
28389457	1661276	33074	110178371
28156576	1579776	33074	110156968
29459765	1630737	33074	110168938
28920105	1662582	33074	110172206
28743367	1634182	33074	110172389
28406194	1618008	33074	110168316
28543275	1661950	33074	110175541
29080487	1675073	33074	110153612
28781515	1663151	33074	110108292
28637360	1650065	33074	110136153
28568403	1646994	33074	110169661
27785817	1615794	33074	110163946
28098182	1641046	33074	110164032
27919305	1616466	33074	110162884
27415812	1556467	33074	110167927
28139735	1625312	33074	110168032
28598259	1637566	33074	110158911
27906106	1598295	33074	110165115
28327434	1623249	33074	110154890
28413015	1627822	33074	110079260
28798728	1612438	33074	110118429
31607770	1516270	33074	110130230
28725055	1591705	33074	110138333
28633722	1580411	33074	110137471
28534076	1595962	33074	110136426
28701466	1606944	33074	110139458
28571567	1620214	33074	110136062
28326345	1567860	33074	110140476
28322749	1584448	33074	110149048
28393910	1572225	33074	110132862
28726851	1559474	33074	110138698
28400488	1546700	33074	110137062
28429850	1569912	33074	110145382
28086013	1559623	33074	110147777
28460497	1571651	33074	110141383
28487940	1562603	33074	110136947
28629590	1554217	33074	110111183
28538740	1571956	33074	110125119
28778140	1579336	33074	110133779
28588705	1531378	33074	110089750
28882901	1526652	33074	110138152
28990329	1552095	33074	110128501
29114260	1545881	33074	110103162
28997249	1544349	33074	110107669
29303423	1525775	33074	110107245
28266817	1477263	33074	110115408
28198048	1495108	33074	110120036
28936289	1530303	33074	110120104
28680557	1546852	33074	110125919
28763510	1544972	33074	110137971
28906096	1525156	33074	110133285
28939282	1509601	33074	110133416
28802204	1513604	33074	110123720
28227075	1482799	33074	110119718
27838726	1440608	33074	110142841
27825191	1435633	33074	110149345
28665240	1498760	33074	110146748
28564036	1511825	33074	110135013
28419374	1493302	33074	110139966
28474334	1481676	33074	110091317
27641291	1427920	33074	109790279
27319827	1454525	33074	110132644
28210056	1450924	33074	110124631
29140778	1478624	33074	110097362
28928685	1460583	33074	110073857
28021314	1424219	33074	110109951
27946317	1444160	33074	110120361
29487188	1420606	33074	110092008
28180550	1438532	33074	110087316
28946239	1437872	33074	110086025
28465511	1430095	33074	110088023
27792620	1383210	33074	110085906
27619108	1374830	33074	110106880
27967668	1388100	33074	110128572
28357276	1383033	33074	110139897
15939687	1383033	195082	110169716
14701591	1383033	30143	110199817
16307682	1383033	95505	110199997
16019258	1383033	129172	110193916
16192124	1383033	112672	110132834
16529289	1383033	103451	110191873
16437486	1383033	98787	110194841
16390708	1383033	103764	110186326
17185676	1383033	85727	110167918
16551884	1383033	99154	110108899
14815830	1383033	321221	110146538
14794309	1383033	202976	110155223
14598592	1383033	36179	110198932
14452611	1383033	181595	110192379
14830680	1383033	27531	110192399
14507711	1383033	158790	110206847
14574821	1383033	66881	110186980
15098007	1383033	106884	110191104
14195601	1383033	117135	110196395
15244603	1383033	76196	110192700
14370612	1383033	145913	110180134
15434301	1383033	4473	110186127
14348787	1383033	214303	110274647
14571340	1383033	18746	110188520
15291455	1383033	196807	110146837
15160491	1383033	39970	110186002
14262935	1383033	174747	110183424
14496578	1383033	28088	110206453
14491495	1383033	126941	110177066
14107927	1383033	92230	110168929
15321109	1383033	92043	110183430
13603433	1383033	126880	110186023
15570445	1383033	4318	110202920
13677847	1383033	209393	110181032
15228281	1383033	11331	110184432
14223680	1383033	199754	110180199
15206901	1383033	31701	110175412
14152993	1383033	176073	110178295
14838923	1383033	25840	110198944
14303969	1383033	145195	110179125
14648142	1383033	71714	110183420
15497110	1383033	98299	110183903
14007491	1383033	118005	110183112
15671356	1383033	46235	110197593
14047198	1383033	166928	110146971
15952088	1383033	7235	110192101
15351509	1383033	201412	110178998
15500407	1383033	27535	110187646
15991170	1383033	177724	110180295
14995091	1383033	32161	110175132
16077658	1383033	150886	110211409
15058639	1383033	56056	110174779
17086015	1383033	101658	110181788
15203532	1383033	113751	110181038
17278998	1383033	70420	110183003
15373880	1383033	142727	110196999
16689278	1383033	5206	110176831
16157800	1383033	205093	110181038
15529342	1383033	20102	110184418
17287604	1383033	185861	110183120
16078554	1383033	41047	110180164
16642583	1383033	165753	110178385
16025934	1383033	29540	110194059
17135573	1383033	120072	110180761
15621983	1383033	94291	110147210
17406540	1383033	86048	110180717
14522430	1383033	125271	110173077
17415864	1383033	125271	110188454
14877735	1383033	206808	110189930
15806269	1383033	13372	110166944
16412632	1383033	188677	110174181
15883519	1383033	34996	110177309
16690282	1383033	167587	110167275
16019343	1383033	27909	110193280
16614700	1383033	124895	110176638
15435657	1383033	84317	110182320
17479097	1383033	87877	110171392
14796910	1383033	121323	110175631
17784683	1383033	121323	110186587
14709165	1383033	204095	110165100
16248910	1383033	12395	110172829
17380391	1383033	191150	110168442
16359677	1383033	31654	110173500
17385600	1383033	169910	110176408
16389110	1383033	28744	110143821
17437569	1383033	146713	110194442
16358398	1383033	62211	110174985
17913556	1383033	98008	110181263
15990867	1383033	110910	110173363
17983507	1383033	67450	110162226
16177976	1383033	138993	110172074
17169875	1383033	6736	110190632
16168181	1383033	199516	110176485
16368315	1383033	19809	110167087
16970934	1383033	181670	110172817
16832182	1383033	39280	110176659
16280883	1383033	163512	110177617
16768010	1383033	27836	110168827
16217843	1383033	119967	110173057
15874317	1383033	86344	110171750
16935575	1383033	87415	110173249
15388138	1383033	118976	110185025
17073483	1383033	6650	110165142
15098965	1383033	193503	110172041
16685001	1383033	12225	110142275
16774048	1383033	184726	110166408
16495551	1383033	32957	110165086
16723941	1383033	162021	110166447
16429336	1383033	27365	110182872
17246722	1383033	117239	110159916
16472038	1383033	85810	110170002
18255706	1383033	85630	110169111
15589125	1383033	118008	110168737
18426026	1383033	118008	110174348
15646969	1383033	198457	110182325
16897652	1383033	12183	110171332
16362954	1383033	184121	110164541
16793141	1383033	31969	110162799
16276125	1383033	163251	110159046
16788001	1383033	26062	110179801
16269899	1383033	133124	110163462
16947539	1383033	70781	110174108
18602384	1383033	91754	110169496
16671271	1383033	112104	110168419
18654486	1383033	49681	110153441
16791299	1383033	151232	110159925
17733155	1383033	8062	110166158
17851974	1383033	190392	110172234
17055200	1383033	23457	110171229
18515462	1383033	171190	110160686
17156078	1383033	41390	110163089
18350446	1383033	155000	110179264
17535820	1383033	30137	110163932
17857997	1383033	108857	110167930
17004973	1383033	93747	110168532
17862988	1383033	81000	110163721
16919994	1383033	122115	110178065
18952001	1383033	457	110180910
17094867	1383033	196785	110168946
17571586	1383033	12351	110161404
17579635	1383033	180087	110158159
17214966	1383033	32415	110164635
17733416	1383033	158874	110167945
17213305	1383033	26450	110159528
17199836	1383033	130456	110145608
16991948	1383033	70649	110221106
18889004	1383033	88725	110166201
16950733	1383033	111766	110162245
19089826	1383033	37487	110177768
17210395	1383033	159606	110158428
18125513	1383033	8347	110164939
17357811	1383033	184669	110164984
17313022	1383033	25487	110157260
18053728	1383033	162806	110163985
17169147	1383033	30872	110176249
18054911	1383033	138363	110168945
17137154	1383033	52666	110153362
18715175	1383033	92108	110152798
16367098	1383033	104297	110163593
18880583	1383033	49419	110176596
16379870	1383033	144204	110162808
18200024	1383033	8368	110160230
17742679	1383033	183397	110156165
17802696	1383033	25908	110143083
17247217	1383033	163697	110139273
17250349	1383033	32030	110152338
17326422	1383033	148788	110165893
17536120	1383033	40616	110158201
18959446	1383033	95512	110158802
16986334	1383033	100374	110159943
19366219	1383033	67279	110162213
17610794	1383033	129234	110174648
18869814	1383033	5575	110156303
18245894	1383033	187243	110165139
17703537	1383033	19332	110160397
19370871	1383033	169868	110158856
18271829	1383033	38729	110158205
18717932	1383033	151984	110177087
18201921	1383033	28116	110160815
19155895	1383033	112044	110157946
17945173	1383033	84981	110157861
18927928	1383033	83325	110164310
17616475	1383033	113891	110171219
18667921	1383033	25182	110144134
17695435	1383033	169101	110138450
18802457	1383033	9517	110153122
18625897	1383033	181257	110155112
17875640	1383033	25897	110173437
18521036	1383033	158929	110146521
17808024	1383033	31093	110156288
19059504	1383033	141690	110158005
17987504	1383033	46326	110154002
19192737	1383033	92995	110152784
16966342	1383033	99768	110156956
19345574	1383033	62143	110167396
16951820	1383033	127219	110155826
18485437	1383033	8562	110158903
17830066	1383033	178414	110154960
17926483	1383033	25114	110151042
18473395	1383033	157241	110146851
17777531	1383033	30135	110171831
18605276	1383033	131791	110160922
17762517	1383033	54620	110159289
19350506	1383033	89199	110108068
17058756	1383033	102445	110153444
19585232	1383033	44529	110180144
17258796	1383033	144454	110151835
18886892	1383033	9380	110155208
18900164	1383033	179085	110150797
18314766	1383033	25158	110145751
18852331	1383033	157795	110161154
18027570	1383033	32189	110145662
19605836	1383033	146588	110156808
18532636	1383033	39264	110153075
19806807	1383033	95469	110157361
18150588	1383033	97111	110149387
19950124	1383033	68507	110171404
18229371	1383033	123148	110150884
19609823	1383033	5229	110155307
18735307	1383033	183026	110162209
18289927	1383033	17669	110158420
20003555	1383033	167177	110154014
18769173	1383033	36022	110151796
19333695	1383033	149984	110126113
18751926	1383033	28270	110148542
19038219	1383033	108112	110150523
17783943	1383033	80465	110150823
19797799	1383033	77825	110150793
17484623	1383033	111584	110179469
20274564	1383033	2189	110151425
18343556	1383033	185112	110149916
18679936	1383033	12841	110140761
18659009	1383033	168751	110145534
18441270	1383033	32035	110164866
19033740	1383033	149418	110147596
18514673	1383033	26860	110153086
19162719	1383033	114866	110148698
18251260	1383033	73563	110147746
19970620	1383033	81229	110151711
17670754	1383033	107583	110166722
20157686	1383033	10637	110149032
18284175	1383033	175436	110144550
19092794	1383033	11501	110141556
18768537	1383033	170918	110109436
18640114	1383033	29722	110149867
19099687	1383033	150296	110156890
18662310	1383033	25674	110174748
19198122	1383033	122132	110145919
18455021	1383033	65948	110155363
19169806	1383033	85423	110132070
17786291	1383033	102815	110151789
19220180	1383033	39584	110173721
17832665	1383033	145913	110146615
19517362	1383033	10273	110154005
18236331	1383033	174542	110149554
18699236	1383033	25183	110152695
18492019	1383033	154462	110163614
18463906	1383033	31916	110147448
18569656	1383033	142013	110149858
18708078	1383033	38381	110133914
19070387	1383033	93056	110144309
18089604	1383033	93948	110146161
19281826	1383033	66177	110161979
17973555	1383033	119997	110106175
19723829	1383033	7417	110142531
18713401	1383033	174672	110139621
18731858	1383033	21457	110143108
19664351	1383033	156239	110217849
18641441	1383033	39435	110124156
20106725	1383033	141952	110161779
19302802	1383033	30008	110148224
20312818	1383033	98602	110153137
18886079	1383033	88621	110154758
20557486	1383033	72798	110150749
18849492	1383033	114556	110172883
20502849	1383033	4049	110148325
19069936	1383033	179295	110153757
19301615	1383033	15176	110145620
20260583	1383033	165243	110148267
19311988	1383033	32539	110160844
20106716	1383033	147570	110139512
19412480	1383033	26330	110148684
20139510	1383033	126590	110145934
19243298	1383033	60755	110110023
20420092	1383033	86359	110146629
18069293	1383033	98680	110158720
20434298	1383033	41229	110143880
18065647	1383033	139800	110147127
19722850	1383033	10612	110132172
18807422	1383033	167520	110144956
19012061	1383033	27971	110140286
19468237	1383033	147158	110136431
19036928	1383033	27162	110159985
20312873	1383033	128157	110147495
19054601	1383033	56010	110149750
20313732	1383033	84951	110146276
18128091	1383033	98117	110143622
20523525	1383033	40680	110172279
18169725	1383033	139430	110145269
19895596	1383033	10866	110147587
19155115	1383033	167382	110142513
19182614	1383033	27552	110140954
19795690	1383033	147726	110158693
19098142	1383033	29316	110107590
19916008	1383033	124888	110146747
19296621	1383033	56071	110134916
20542054	1383033	85483	110123173
18437695	1383033	97236	110144798
20578606	1383033	46853	110145993
18234847	1383033	133127	110139998
19886906	1383033	10487	110144382
19085580	1383033	166402	110112606
19246452	1383033	27819	110138228
19638324	1383033	146392	110141694
19401511	1383033	29385	110148357
20471503	1383033	128364	110156791
19567819	1383033	52913	110143191
20837292	1383033	87952	110147849
19244936	1383033	95753	110144501
20911163	1383033	62701	110146278
19341730	1383033	120018	110157448
20393870	1383033	8677	110159902
19584031	1383033	171459	110141713
19399596	1383033	21302	110107638
20921164	1383033	155734	110143108
19887420	1383033	38160	110145315
20296038	1383033	139247	110155316
19898297	1383033	28996	110139967
19888716	1383033	104709	110132027
19498114	1383033	79012	110130691
20158953	1383033	79043	110143195
19323317	1383033	104906	110161112
20183032	1383033	29011	110139472
18680502	1383033	150018	110143599
20055827	1383033	12195	110138074
18789727	1383033	164436	110140765
19515986	1383033	28217	110139310
19882270	1383033	147490	110142459
19463638	1383033	31904	110136605
19117296	1383033	130333	110132821
19391632	1383033	44073	110146440
19787826	1383033	88342	110139767
18700127	1383033	92395	110138061
19954830	1383033	62369	110101479
18633895	1383033	116519	110151028
20033981	1383033	10651	110131956
18587883	1383033	165797	110156934
19484962	1383033	24130	110145734
20036304	1383033	150405	110125662
19923670	1383033	39869	110164914
19009804	1383033	136233	110134907
19563200	1383033	29607	110138905
19689211	1383033	92808	110136735
18897130	1383033	86871	110140089
20068713	1383033	67602	110141345
18862098	1383033	111754	110141996
20206804	1383033	7755	110136946
18613327	1383033	167851	110143588
19482244	1383033	20181	110135831
19421051	1383033	152187	110137245
19987282	1383033	38316	110148705
19779931	1383033	138044	110131513
20107062	1383033	28990	110138512
20081844	1383033	104086	110109478
19878011	1383033	77869	110137641
20411420	1383033	78894	110141076
19644431	1383033	103145	110148393
20510990	1383033	33150	110153960
19727825	1383033	145355	110130188
20597587	1383033	12091	110142689
19642787	1383033	165085	110133778
19924595	1383033	25369	110124791
20236511	1383033	148428	110135567
19921087	1383033	39749	110153584
20125453	1383033	135880	110139355
20208434	1383033	30209	110140628
20268772	1383033	97661	110138792
19853940	1383033	83136	110139904
20419382	1383033	73539	110164288
19033673	1383033	105545	110138061
20457278	1383033	6063	110136489
19018863	1383033	169069	110129220
19952556	1383033	16874	110135019
19644130	1383033	156100	110123410
19968986	1383033	33545	110126641
19303427	1383033	138569	110126164
19931831	1383033	28154	110139888
20586531	1383033	104684	110135750
19605208	1383033	72589	110129280
21250139	1383033	75654	110148944
19090482	1383033	101755	110215818
21404826	1383033	6756	110139268
19150493	1383033	167455	110139395
20175285	1383033	15208	110128299
20180948	1383033	155219	110121607
19945977	1383033	32498	110121064
20208419	1383033	137660	110151397
19932220	1383033	28036	110141298
20551475	1383033	102474	110137963
19519521	1383033	73825	110137441
21230628	1383033	74376	110133817
19006606	1383033	102569	110158372
21377430	1383033	5182	110138708
19969725	1383033	169547	110112238
20569146	1383033	15770	110126814
20309393	1383033	155550	110130831
20223761	1383033	32373	110149774
21085491	1383033	139570	110135806
20394277	1383033	27313	110085977
21111386	1383033	120155	110132416
20282721	1383033	58734	110135026
21520168	1383033	83184	110138466
19993415	1383033	95241	110153892
21539874	1383033	58857	110136802
20113943	1383033	117349	110136264
20953814	1383033	11392	110140244
20757671	1383033	163021	110137119
20218989	1383033	23272	110137303
21455192	1383033	147635	110133590
20455780	1383033	38760	110144560
21107893	1383033	133224	110137777
20481203	1383033	30106	110141040
20718509	1383033	98128	110134854
19762753	1383033	80178	110109754
20670086	1383033	72478	110155942
19312896	1383033	103719	110134249
20792444	1383033	7019	110135662
19884971	1383033	166959	110132538
20328137	1383033	16615	110125765
20908433	1383033	153097	110132517
20531590	1383033	33218	110139003
20734089	1383033	136499	110133524
20226622	1383033	27957	110136830
20784882	1383033	106649	110134623
20123746	1383033	69041	110134353
21563027	1383033	76823	110149906
19416870	1383033	98882	110130555
21645063	1383033	16197	110139837
19449029	1383033	155462	110134009
20634011	1383033	15026	110133213
20563232	1383033	154305	110136374
20309706	1383033	31035	110132299
20718844	1383033	137064	110090987
20306307	1383033	27703	110104945
20767460	1383033	109879	110132695
20112685	1383033	65063	110129616
21548870	1383033	77230	110135581
19402029	1383033	97273	110143738
17014335	1383033	36742	110153115
30522840	1352109	36742	110114756
30809710	1357160	36742	110052817
30633730	1352958	36742	110047327
30748171	1369409	36742	110045991
30887106	1373043	36742	110042956
30828938	1381641	36742	110057780
30360697	1343075	36742	110061411
30573316	1336652	36742	110049526
30792372	1344274	36742	110049329
31035248	1366890	36742	110033995
30730363	1348212	36742	110039836
30754972	1368855	36742	110054567
30667651	1358429	36742	110069638
30791231	1369139	36742	110045340
30637962	1316125	36742	110023418
30333733	1324894	36742	110065775
29989082	1320920	36742	110068818
30663771	1342397	36742	110055622
30378606	1334566	36742	110053279
29897013	1282722	36742	110062934
30079634	1294977	36742	110019424
30593455	1317033	36742	110021414
30420603	1341858	36742	110022435
29778881	1255984	36742	110023509
29648968	1278179	36742	110021525
29967089	1289091	36742	110019568
29975686	1271970	36742	110020544
30552039	1336713	36742	110021659
30140067	1303088	36742	110027324
29767693	1266683	36742	110032588
29769900	1261945	36742	110020009
30471639	1308649	36742	110019344
30223041	1331137	36742	110019957
29726590	1268644	36742	110009829
29747236	1255105	36742	109984521
30423178	1329779	36742	110020329
30146796	1314313	36742	110029540
29633879	1241493	36742	110031973
30261199	1261227	36742	110016499
30530881	1318503	36742	110016894
30114119	1294571	36742	110028882
29821050	1210905	36742	110057041
30321860	1314433	36742	110057999
30153067	1270536	36742	110063549
30565606	1303671	36742	110048807
30615063	1307777	36742	110043398
30349052	1320715	36742	110058228
30305535	1315096	36742	110059065
30328454	1299941	36742	110058783
30273614	1300737	36742	110051882
30109024	1280745	36742	110053762
30181030	1282946	36742	110061530
30040290	1267245	36742	110076727
30091867	1295534	36742	110023987
30527896	1299146	36742	110068870
30358400	1283847	36742	110070754
30326443	1284631	36742	110076196
30292635	1293185	36742	110074613
30303781	1305403	36742	110088158
30110318	1279369	36742	110064686
30520681	1283177	36742	110074491
30650099	1299834	36742	110060126
30152713	1283602	36742	110045257
30229051	1287108	36742	110068442
30330142	1275043	36742	110066125
30056423	1271093	36742	110155057
29846520	1251190	36742	110055366
29908049	1257412	36742	110027095
30076050	1264536	36742	110027131
30448624	1271512	36742	110024983
30117973	1266250	36742	110028965
30323086	1272294	36742	110022755
30234884	1280330	36742	110023440
30199880	1260190	36742	109973244
30354937	1224420	36742	110016265
29959373	1275572	36742	110015245
29958973	1269736	36742	110020403
29683858	1253622	36742	110016711
29953058	1270016	36742	110015063
30202126	1268072	36742	110015383
30173037	1264259	36742	110029441
30785866	1262721	36742	110030945
30324497	1275792	36742	110064682
29897484	1250616	36742	110068577
29956014	1254200	36742	110066238
30421382	1288263	36742	110050163
29938400	1218892	36742	110036231
29869752	1224850	36742	110041021
30381886	1280305	36742	110067632
30179289	1251187	36742	110070634
31587126	1214613	36742	110070888
30164985	1261454	36742	110076960
30255609	1260867	36742	110076556
30152752	1250414	36742	110028886
30393064	1257478	36742	110087023
30419821	1232930	36742	110062394
32893750	1215932	36742	110053351
32898861	1225293	36742	110027227
30663825	1253888	36742	110042950
30249973	1244944	36742	110085072
30277915	1250001	36742	110074175
30236319	1232290	36742	110076689
30340023	1243975	36742	110097105
30461057	1239788	36742	110073668
30097777	1243692	36742	110070330
29950501	1235747	36742	110085462
30135667	1266745	36742	110076561
30120422	1241690	36742	110068857
30232800	1243355	36742	110083996
30382951	1246432	36742	110043437
30334612	1254056	36742	110036071
30147296	1239966	36742	110064473
30037493	1246755	36742	110075970
30116970	1239784	36742	110028710
30300860	1237984	36742	110067496
30464990	1241468	36742	110081334
30552366	1232673	36742	110069675
30048291	1219265	36742	110067400
29677561	1196896	36742	110052499
29933414	1235690	36742	110055690
30083583	1244154	36742	110032495
30348454	1243044	36742	110029243
30091437	1222974	36742	110028124
29930200	1224260	36742	110033009
30108675	1225170	36742	110031718
29795699	1216075	36742	110019352
29589110	1215255	36742	110019367
29351283	1144210	36742	110021003
30310235	1194077	36742	110022697
29918977	1228127	36742	110010059
29816731	1219712	36742	110021217
29930276	1219230	36742	110030220
29871177	1198792	36742	110032278
29946532	1218273	36742	109980289
29492432	1179329	36742	110026235
29869601	1224442	36742	110045425
30012825	1225106	36742	110065527
30782943	1193004	36742	110066977
29674694	1206658	36742	110055486
29832896	1202322	36742	110071170
29815061	1198338	36742	110073038
30046403	1224979	36742	110078794
29921420	1215838	36742	110071552
29775458	1178145	36742	110068800
29935812	1203359	36742	110050414
29556339	1174705	36742	110041754
29473447	1155497	36742	110061137
25081236	626793	28517	110088954
23120460	626793	26692	110066130
22903603	626793	1569	110075314
23856453	626793	1569	110073205
22096984	626793	10109	110068798
22566418	626793	21196	110107578
22513337	84738	64695	110065678
21510385	105871	112319	110106245
21736568	114525	101450	110124665
22228048	145818	84963	110116995
21967827	149371	91559	110107395
21995703	126593	89591	110103044
22286952	134568	76868	110136283
22157814	129336	81124	110119038
21425180	107174	117513	110118356
47552310681	554797307	102008990	198569812893
47530941	862211	113174	89195548
69275398	443660	113174	105394365
1865659	2492449	578320	67176551
64508391	566241	578320	109971749
64633500	566627	578320	110047222
64184565	575619	578320	109621404
1401256	2449585	559649	66810986
898341	2544508	557137	66109171
489308515	5744217	1611684	2060570135
16866565	5744217	857339	110189688
16866565	5744217	2225978	110159359
62244716808	728726465	137107479	259865281529
