31583644	653348	366495	108111791
32741126	1337018	343618	109995430
89493791	2377783	893716	282847555
1205229681	32809151	13118900	3981832624
1205229681	1070212	1186116	42887619
1205229681	3447524	1186116	44122354
1205229681	3144442	1186116	39308636
1205229681	2001408	1186116	55694926
1205229681	1471958	1186116	82685865
91764748	6405791	1185477	472577300
91764748	2038200	1185477	35129614
91764748	1950482	1185477	37301293
91764748	1019282	1185477	80580055
110808896	8495913	1345186	572116159
17543194	1734638	1345186	61876960
34016681	3257992	340320	185534308
34016681	1016162	102462	57837325
34016681	917756	134530	71544627
69997364	5063904	916810	361694519
0	0	0	0
0	0	0	0
0	0	0	0
0	0	0	0
0	0	0	0
0	0	0	0
0	0	0	0
204923257	10080876	1913885	833727309
204923257	1500037	48003	45864655
204923257	777920	184519	69262201
260523927	15308360	3324550	1241424103
24122632	875171	3324550	53619766
24122632	1771042	16251	47261929
24122632	106212	16251	2745039
0	0	0	0
0	0	0	0
0	0	0	0
0	0	0	0
0	0	0	0
0	0	0	0
168311857	10284757	2124347	817022442
168311857	975969	150900	72481518
292625291	15720904	3085774	1275755810
292625291	400433	3085774	9566201
0	0	0	0
0	0	0	0
0	0	0	0
0	0	0	0
0	0	0	0
0	0	0	0
162256251	10358120	1928503	771488135
0	0	0	0
0	0	0	0
0	0	0	0
0	0	0	0
0	0	0	0
0	0	0	0
0	0	0	0
166267018	11137276	2026131	814676291
166267018	953146	105121	74966077
450322769	24485496	4930381	2017422416
450322769	1832372	4930381	39551905
599634	418657	15482	13271132
0	0	0	0
0	0	0	0
0	0	0	0
0	0	0	0
0	0	0	0
0	0	0	0
202189180	9393521	1629221	794235284
202189180	1009253	191323	59033442
202189180	621111	250888	67906801
264742050	17175032	3239120	1295950319
8071514	1514147	3239120	303027351
18270717	876297	3239120	303027351
18270717	645099	256556	67487431
83263862	6118373	1220853	467428293
36565950	582187	1220853	53626623
36565950	1887806	1220853	41173645
36565950	752718	251564	55370877
36565950	624394	270518	67757925
97869672	7424706	1242927	515221244
30254886	7424706	1242927	30368773
0	0	0	0
0	0	0	0
0	0	0	0
0	0	0	0
0	0	0	0
0	0	0	0
152201906	9928606	1780156	736011532
152201906	1488279	87145	46213578
152201906	607956	276198	66673029
246563154	15820643	3159099	1236909813
34588772	103021	3159099	40338262
0	0	0	0
0	0	0	0
0	0	0	0
0	0	0	0
0	0	0	0
0	0	0	0
145874793	9111625	1696526	695430249
145874793	1796653	10735	39404432
145874793	743458	10735	16459247
0	0	0	0
0	0	0	0
0	0	0	0
0	0	0	0
0	0	0	0
0	0	0	0
152199386	9387330	1955450	750187930
152199386	787908	506924	97059341
436455009	27444889	5951163	2103576037
436455009	1000041	372485	32886081
436455009	1113782	294622	45186562
62353277	4822438	1173861	349423404
35776352	358872	541	47114684
35776352	933408	109229	44092621
39639867	3158078	737543	251156655
6764	1666080	737543	36610445
1292840	291530	28747	11161775
22791210	1201635	237990	98847884
25238656	1201635	237990	13771563
0	0	0	0
0	0	0	0
65589634	4097516	821341	314849598
165782339	10605965	2210622	845284791
165782339	757961	59543	22835440
0	0	0	0
0	0	0	0
0	0	0	0
0	0	0	0
0	0	0	0
0	0	0	0
143259437	9184624	1734332	694935821
143259437	1712842	1734332	38374766
27999522	1712842	1734332	25708350
0	0	0	0
0	0	0	0
0	0	0	0
0	0	0	0
0	0	0	0
0	0	0	0
150050158	10439908	1801911	744360400
881600	602490	125770	450424713
2775714	370932	140748	450424713
422337853	27647853	5242939	2080831636
28692353	889958	5242939	49716829
28692353	1879056	5242939	40408552
28692353	635404	204167	55837776
28692353	226023	272379	65673213
3418332549	215180509	41929223	16579646455
54955905	215180509	758062	45874967
209792162	215180509	758062	97778674
193926124	215180509	758062	100222364
226336829	215180509	758062	582263887
54550418	215180509	758062	114513587
158785889	215180509	758062	114301762
226626520	545928	624179	642565309
120218167	545928	187498	181895739
97797914	545928	187498	113923177
179199270	545928	187498	113513092
77558729	545928	111977	113602184
58881015	545928	111977	113489977
59097674	545928	111977	113354839
60259543	545928	111977	113209343
59403060	545928	111977	113076868
55139527	545928	111977	110657080
93192220	545928	111977	113056558
125409835	545928	111977	112659166
146300293	545928	111977	112612559
143344720	545928	111977	112478700
20277913	545928	2526326	112738052
45899311	545928	2526326	112643759
45315296	545928	2526326	112464213
43354291	545928	2526326	112391304
42290248	545928	2526326	112345286
42675708	545928	2526326	112284278
42672072	545928	2526326	112225347
42833613	545928	2526326	112147807
42339276	545928	2526326	112084894
42077424	545928	2526326	112026688
41925004	545928	2526326	111946302
41586039	545928	2526326	111913018
41586039	545928	1868358	110956884
41586039	545928	1868358	111798757
41586039	545928	1868358	111806873
41586039	545928	1868358	111775823
41586039	545928	86609	111708839
30695555	545928	2512315	111714214
32688518	545928	1613557	111660457
41374820	545928	1553271	111619560
41490598	545928	1525136	111591564
41064291	545928	1495418	111465275
39291629	545928	971725	111519209
42619234	545928	774557	111412417
64599970	545928	774557	111422856
60755413	545928	774557	111403865
60210102	545928	774557	111311794
60397681	545928	774557	111295681
55538231	545928	774557	111252985
50958407	545928	774557	111198154
49277107	545928	774557	111197296
48269781	545928	774557	111138899
45704775	545928	774557	111190985
43831079	545928	774557	111091371
43806030	545928	774557	111127334
26484012	545928	1042961	111081544
25904949	545928	1042961	111139381
2059653	545928	2346408	111120027
47129835	545928	100074	111098063
81762398	545928	100074	196878247
33272722	545928	100074	111026349
42135864	545928	628657	110969126
50742368	545928	628657	110923078
50344411	545928	628657	110941549
49690214	545928	628657	110974644
49861529	545928	628657	110907997
49309140	545928	628657	110906697
47606359	545928	628657	110882932
47388773	545928	628657	110870144
49357408	545928	628657	110849796
48075443	545928	628657	110773579
46422327	545928	628657	110753899
46304157	545928	628657	110784423
45637591	545928	628657	110800455
45357852	545928	628657	110787283
47053125	545928	628657	110779705
45622294	545928	628657	110736420
45181950	545928	628657	110770739
44646056	545928	628657	110752645
44551154	545928	628657	110719917
44516624	545928	628657	110714467
19734484	545928	1468230	110696089
53110675	545928	61675	110642294
39193368	545928	308026	110727651
20834528	545928	870734	110731529
44195279	545928	361323	110715827
58207275	545928	361323	110706518
58221779	545928	361323	110610175
58424655	545928	361323	110594680
57482135	545928	361323	110590223
54943782	545928	361323	110597035
56196981	545928	361323	110539090
54603558	545928	361323	110537933
56160227	545928	361323	110593072
55231370	545928	361323	110519238
55834565	545928	361323	110503627
55483394	545928	361323	110495051
54314853	545928	361323	110487023
54528615	545928	361323	110476596
53834383	545928	361323	110473094
53602296	545928	361323	110467974
54095192	545928	361323	110408244
55176978	545928	361323	110416848
54949771	545928	361323	110441215
52676497	545928	361323	110424548
53589217	545928	361323	110418421
52789267	545928	361323	110410264
52780579	545928	361323	110402624
52231827	545928	361323	110308520
49561476	545928	361323	110367901
51153643	545928	361323	110353647
51037414	545928	361323	110320109
50827589	545928	361323	110337864
50848765	545928	361323	110368288
52418022	545928	361323	110380093
52117192	545928	361323	110378580
49528719	545928	361323	110370751
50563895	545928	361323	110388846
50007579	545928	361323	110345542
50096460	545928	361323	110352383
49575215	545928	361323	110348206
49339554	545928	361323	110279173
49272852	545928	361323	110337565
49092868	545928	361323	110331853
48825022	545928	361323	110343127
46120865	545928	361323	110333643
14854329	545928	1195537	110381763
3239116	545928	1195537	110418930
2822777	545928	1195537	110356115
2677221	545928	1195537	110346140
2459259	545928	1195537	110333159
2401566	545928	1195537	110305058
2615920	545928	1195537	110297946
2849290	545928	1195537	110320970
3080987	545928	1195537	110327821
3279335	545928	1195537	110316249
3493354	545928	1195537	110309398
3661881	545928	1195537	110307045
3844338	545928	1195537	110329825
4065768	545928	1195537	110310847
4260443	545928	1195537	110292326
4446927	545928	1195537	110257618
4639715	545928	1195537	110379981
4822290	545928	1195537	110280722
5000121	545928	1195537	110276732
5206544	545928	1195537	110876122
5434377	545928	1195537	112044004
5509505	545928	1195537	110269761
5688922	545928	1195537	110240651
5846878	545928	1195537	110229660
6021838	545928	1195537	110226124
6167528	545928	1195537	110209609
6318816	545928	1195537	110209477
6490370	545928	1195537	110239904
6629762	545928	1195537	110195698
6805494	545928	1195537	110222444
6956464	545928	1195537	110217486
7093955	545928	1195537	110216182
7241179	545928	1195537	110233117
7384177	545928	1195537	110219988
7531340	545928	1195537	110205966
7666655	545928	1195537	110174288
7803418	545928	1195537	110206617
7941680	545928	1195537	110194033
8065179	545928	1195537	110201932
8199491	545928	1195537	110195863
8331564	545928	1195537	110192280
8453590	545928	1195537	110187258
8587516	545928	1195537	110182916
8704200	545928	1195537	110184610
8832945	545928	1195537	110179019
8946997	545928	1195537	110157261
9076856	545928	1195537	110175634
9188270	545928	1195537	110173987
9307066	545928	1195537	110171384
9419906	545928	1195537	110169703
9528689	545928	1195537	110167506
9655431	545928	1195537	110165549
9740292	545928	1195537	110166637
9869262	545928	1195537	110173886
9968879	545928	1195537	110155527
10065124	545928	1195537	110132555
10175136	545928	1195537	110152812
10268299	545928	1195537	110165189
10388567	545928	1195537	110165514
10468846	545928	1195537	110162638
10585406	545928	1195537	110162631
10680015	545928	1195537	110160778
10759702	545928	1195537	110168162
10863065	545928	1195537	110157345
10955350	545928	1195537	110152563
11033098	545928	1195537	110120172
11144959	545928	1195537	110157845
11221110	545928	1195537	110159954
11327597	545928	1195537	110151880
11393780	545928	1195537	110163187
11482873	545928	1195537	110162115
11571351	545928	1195537	110151522
11653207	545928	1195537	110147934
11750548	545928	1195537	110143451
11873791	545928	1195537	110143874
11876127	545928	1195537	110109446
11994002	545928	1195537	110136228
11713827	545928	1195537	110178291
38979096	545928	386892	110204640
39168715	545928	199480	110274639
30344655	545928	433186	110272366
31213747	545928	811568	110270359
48614565	545928	811568	110239067
48290147	545928	811568	110218958
48628799	545928	811568	110186376
48203029	545928	811568	110114572
46980464	545928	811568	110189135
47451432	545928	811568	110197786
46100890	545928	811568	110191652
47959264	545928	811568	110185549
47365127	545928	811568	110183197
47469333	545928	811568	110165920
47512031	545928	811568	110158844
46779824	545928	811568	110143627
46971179	545928	811568	110142732
46622259	545928	811568	110097499
46181776	545928	811568	110174606
46592962	545928	811568	110210257
47526394	545928	811568	110177900
47023938	545928	811568	110158935
45709248	545928	811568	110136858
46669187	545928	811568	110132626
46345874	545928	811568	110132761
46489235	545928	811568	110122176
46674163	545928	811568	110135934
46065742	545928	811568	110077836
44619345	545928	811568	110119028
45732256	545928	811568	110118564
45895752	545928	811568	110116808
45865065	545928	811568	110115030
46633976	545928	811568	110112486
47001341	545928	811568	110107561
44753721	545928	811568	110149604
45576623	545928	811568	110186017
45525858	545928	811568	110175409
45506227	545928	811568	110109452
45571690	545928	811568	110158069
44996075	545928	811568	110152281
45137209	545928	811568	110167758
44835276	545928	811568	110169987
44929203	545928	811568	110157728
44791052	545928	811568	110156036
32900383	545928	214191	110192969
13748525791	96739319	42221369	53354361291
9350447	96739319	1683297	110378588
9375239	96739319	1172204	110265981
897318	96739319	4312205	110366212
9391610	96739319	1242595	110365621
11670596	96739319	769650	110309063
18017582	1188480	769650	110344658
30165116	1776685	769650	110273762
29977389	1758528	769650	110250047
30324417	1777173	769650	110247546
30331470	1771449	769650	110266116
29899502	1756051	769650	110276942
29787995	1713933	769650	110175732
30272650	1692997	769650	110257185
30148280	1678067	769650	110264449
30489447	1696369	769650	110262148
30164677	1695701	769650	110338903
30723335	1690942	769650	110232986
30838774	1678602	769650	110215575
29966997	1637147	769650	110236351
29874135	1643749	769650	110251963
29579195	1646982	769650	110248730
30200165	1653992	769650	110161243
29261083	1596554	769650	110249607
29040654	1602239	769650	110253820
29444646	1619015	769650	110252591
29833749	1639694	769650	110225260
27711680	1534305	769650	110234210
28017948	1578485	769650	110245411
27537012	1570612	769650	110229207
29483092	1600392	769650	110224167
29274985	1571684	769650	110172376
28208328	1569665	769650	110195753
28082552	1523730	769650	110231756
29801376	1563052	769650	110234399
29066739	1556917	769650	110241804
27320807	1511004	769650	110248975
29035862	1529609	769650	110254166
29705813	1543149	769650	110253115
28415148	1483995	769650	110253523
28631731	1494174	769650	110253477
29776123	1554507	769650	110210244
29507877	1506021	769650	110202627
28741022	1417399	769650	110254243
29633815	1532006	769650	110250184
29215291	1477419	769650	110247223
30467041	1517138	769650	110244056
29704753	1520761	769650	110255388
29737653	1510300	769650	110254199
29804011	1488678	769650	110241009
29710674	1482664	769650	110236725
29242578	1450234	769650	110193856
29086650	1462390	769650	110201864
29219481	1432053	769650	110231872
29945102	1473810	769650	110217939
29580262	1468763	769650	110219112
29272810	1468041	769650	110220438
28728842	1447606	769650	110223365
29442851	1452250	769650	110216906
29080590	1443044	769650	110212385
29635780	1448272	769650	110228206
29534187	1448321	769650	110174447
29118777	1422705	769650	110194680
29295377	1421911	769650	110234050
28723110	1395612	769650	110233365
28294348	1426793	769650	110189657
28512833	1415752	769650	110188966
29179786	1414679	769650	110164582
29663198	1427047	769650	110140273
29593341	1413463	769650	110148917
29526999	1407039	769650	110143409
29348941	1401068	769650	110092318
29123816	1314962	769650	110081806
28963132	1358622	769650	110116838
29170907	1358579	769650	110132753
28203877	1351787	769650	110145389
29062832	1381776	769650	110129780
29372433	1386710	769650	110134652
29168037	1379240	769650	110113895
29392367	1369350	769650	110120477
28671777	1367275	769650	110138244
28185125	1342546	769650	110092109
29165678	1330692	769650	110107306
28414170	1274690	769650	110141043
28852492	1292937	769650	110093061
29278212	1339698	769650	110127132
29055802	1304894	769650	110127686
28820689	1308938	769650	110124040
29199378	1329179	769650	110129855
29867054	1326782	769650	110115947
30342929	1325740	769650	110081578
29509410	1300833	769650	110046160
29651225	1301830	769650	110096228
29817624	1287579	769650	110009882
29560394	1281141	769650	110097960
29568409	1266987	769650	110110019
29297896	1276063	769650	110098953
28685731	1265375	769650	110090058
28892067	1279818	769650	110115078
28701267	1285953	769650	110119300
28556826	1296130	769650	110102968
28998542	1286817	769650	110046987
29596458	1274305	769650	110033508
29864667	1252354	769650	110090301
29848637	1244629	769650	110059508
29752937	1234596	769650	110115286
29240174	1250799	769650	110105731
29112689	1250446	769650	110102497
29228747	1245854	769650	110105745
29815347	1260132	769650	110091794
29539023	1241211	769650	110073748
28232001	1200218	769650	110006918
29074288	1206339	769650	110079089
29782104	1214307	769650	110104896
29627785	1222710	769650	110097603
29768382	1219132	769650	110098551
29632686	1221047	769650	110089519
29497645	1196323	769650	110084036
29196329	1190498	769650	110104507
28282909	1151102	769650	110165314
28214413	1156764	769650	110122636
29140576	1181569	769650	110054330
29319774	1193081	769650	110070779
29346565	1173924	769650	110113687
28909221	1155961	769650	110158345
28674081	1172475	769650	110168504
28067868	1179794	769650	110162198
29112506	1191364	769650	110174833
29227209	1187502	769650	110161040
28062669	1169568	769650	110169502
28137943	1176038	769650	110165415
28330244	1163069	769650	110111028
29593907	1166022	769650	110114872
29145001	1148664	769650	110127310
27895091	1131293	769650	110153608
27898660	1132177	769650	110170005
28152415	1103247	769650	110169849
27360301	1101215	36955	110262202
15139025	1101215	68749	110123732
19655809	1101215	68749	110095967
19795664	1101215	68749	110103790
20063000	1101215	68749	110037041
19892854	1101215	68749	110064007
17054943	191025	13878	110144695
27810237	1659045	13878	110163191
28184038	1677337	13878	110099562
27988946	1683883	13878	110092696
28097352	1707117	13878	110089372
28210995	1687884	13878	110095179
27803895	1675838	13878	110103176
27435800	1637491	13878	110081805
27935947	1653294	13878	110035210
27959739	1654871	13878	110050080
28717278	1651981	13878	110079333
28379421	1637834	13878	110076980
28424769	1664154	13878	110080706
28387753	1658420	13878	110079728
28177663	1673366	13878	110088368
27867451	1583498	13878	110063100
27541079	1592281	13878	110073979
27453880	1597742	13878	110074265
27763065	1624223	13878	110030743
27817473	1583390	13878	110047392
27917034	1540996	13878	110074266
27677719	1537937	13878	110074087
27806892	1581604	13878	110085527
27849354	1599283	13878	110065600
26751538	1489413	13878	110069503
26933963	1521486	13878	110069886
26976216	1536161	13878	110070706
27563465	1517381	13878	110062113
27854183	1576747	13878	110021035
27259752	1523902	13878	110030405
27138461	1503588	13878	110067212
27105730	1504870	13878	110081079
28180483	1569795	13878	110083208
27584711	1563607	13878	110065573
27090433	1486260	13878	110066211
27663062	1502020	13878	110064919
28019468	1549683	13878	110063585
27855753	1524991	13878	110063781
27229410	1464327	13878	110018128
27726317	1477899	13878	110040006
27935930	1527095	13878	110079863
27429561	1467062	13878	110056280
26985372	1424345	13878	110062763
27511920	1527700	13878	110061557
27469852	1462972	13878	110061143
27732643	1508318	13878	110060549
27795527	1501251	13878	110060175
27653577	1508093	13878	110054965
27650369	1498884	13878	110017604
27791555	1489099	13878	110033595
28020056	1486587	13878	110054208
27486218	1446011	13878	110058566
27379401	1466268	13878	110061720
27247804	1445037	13878	110059075
27499573	1472277	13878	110053506
27924578	1490631	13878	110057401
27474375	1470880	13878	110078064
27597181	1465858	13878	110128110
27932893	1456974	13878	110083220
28169795	1464100	13878	110096636
28243818	1440832	13878	110132243
28539757	1455205	13878	110087408
28441138	1455216	13878	110133125
27844639	1440663	13878	110134502
27996555	1450423	13878	110150105
27540244	1421720	13878	110123691
27647308	1438190	13878	110147041
27490120	1408204	13878	110141118
27867156	1426328	13878	110092871
27801884	1421802	13878	110116855
28017460	1437928	13878	110159410
27964117	1440538	13878	110114184
28388560	1449829	13878	110112812
28308118	1431894	13878	110095470
27621945	1357297	13878	110114841
30088604	1372824	13878	110131059
31039395	1364564	13878	110130196
29779698	1368163	13878	110147989
27394130	1388685	13878	110105019
28048296	1411225	13878	110111297
27888842	1421290	13878	110145621
31298892	1354976	13878	110148914
30302988	1381292	13878	110139934
27954185	1403683	13878	110142786
27623054	1381415	13878	110150574
27637458	1402011	13878	110115901
27786092	1404261	13878	110127182
27577383	1313896	13878	110128468
27708471	1391385	13878	110074816
28270514	1397596	13878	110073032
27901882	1367827	13878	110112867
27960531	1378608	13878	110121256
27799359	1382264	13878	110129250
28239722	1383824	13878	110143716
28051627	1371733	13878	110141537
28055458	1379763	13878	110134071
27977784	1372587	13878	110129039
28144790	1378293	13878	110146657
28029115	1384434	13878	110071684
28300407	1385830	13878	110096667
28321123	1349408	13878	110119747
28127877	1354237	13878	110121475
27946950	1354364	13878	110110803
29872893	1296356	13878	110107611
28441776	1350365	13878	110127764
28001078	1349362	13878	110101783
27792349	1354617	13878	110104926
28024010	1368529	13878	110116289
28060355	1354087	13878	110033780
28377683	1344193	13878	110081900
28229818	1353836	13878	110083234
28166563	1357078	13878	110122173
27810755	1322997	13878	110103597
27897962	1320862	13878	110086081
27792307	1328554	13878	110077244
27784763	1343983	13878	110077060
27958521	1335468	13878	110074393
28048700	1343154	13878	110071790
27605772	1291216	13878	110112083
27592334	1270303	13878	110051126
27713433	1328367	13878	110063810
27787304	1324689	13878	110061252
27912271	1322796	13878	110058800
27911612	1324232	13878	110058971
28071750	1314103	13878	110056379
28867708	1296675	13878	110057486
27740964	1301851	13878	110063836
27341008	1261446	13878	110065340
27057255	1231358	13878	109987772
29509821	1241943	13878	110048927
31023989	1228415	13878	110056097
27953321	1290158	13878	110059658
27910213	1272048	13878	110054734
27647076	1265874	13878	110055777
27463641	1264790	13878	110067435
27222903	1262196	13878	110052476
27911269	1284060	13878	110080164
28084355	1298075	13878	110121985
27721981	1270089	13878	110075480
27532054	1275994	13878	110085911
27489968	1273209	13878	110114949
27640167	1269039	13878	110137986
28078195	1285448	13878	110128545
27829474	1268024	13878	110084377
27581595	1238758	13878	110100557
27541339	1232735	13878	110121611
27467654	1265192	13878	110119448
27308505	1203058	13878	110113090
18895284	34503	157859	110085791
16339877	34503	43212	110170434
17943449	34503	79723	110192263
17910396	34503	111001	110183400
18014054	34503	104578	110184910
18349488	34503	88073	110201827
18243365	34503	94490	110204372
18306155	34503	90639	110172341
18537058	34503	79765	110170404
18434044	34503	82677	110188616
17531965	34503	122597	110094319
15939946	34503	262089	110176920
16555546	34503	41310	110185849
16371127	34503	152350	110139311
16985170	34503	34362	110190585
17213471	34503	104939	110190234
16742545	34503	94000	110205741
18374773	34503	79207	110205565
16762004	34503	119689	110189789
18458656	34503	6362	110191462
16838600	34503	188534	110123777
17498217	34503	16468	110180848
17784073	34503	176054	110196430
17268489	34503	32105	110184523
18042088	34503	157922	110189723
17136031	34503	36981	110189171
17538125	34503	151309	110187882
17409845	34503	38404	110208071
18399460	34503	101315	110184778
17053711	34503	95495	110189553
18077258	34503	78772	110121842
17020695	34503	118985	110184456
18699480	34503	7360	110199862
17192738	34503	185237	110202952
17766540	34503	16891	110187935
18235134	34503	172899	110189497
17547994	34503	32094	110184741
18292415	34503	155799	110190667
17440278	34503	36443	110196468
18361985	34503	145923	110182872
17418847	34503	42326	110118027
18600316	34503	97522	110174694
17209659	34503	97065	110199180
18674162	34503	71233	110274450
16592674	34503	120647	110187405
18431144	34503	9237	110185599
17076208	34503	179495	110184483
17351069	34503	21771	110182306
18203728	34503	163501	110205438
17843018	34503	39412	110177609
17588629	34503	147422	110119906
17681277	34503	31207	110184536
18288801	34503	109601	110180331
17279326	34503	82402	110188613
18841439	34503	81722	110224208
16765771	34503	109440	110184007
19140689	34503	16858	110179266
16786419	34503	170593	110178954
18207494	34503	15693	110167349
17782522	34503	169963	110193651
17849401	34503	32346	110110814
18113298	34503	151203	110175167
17743988	34503	33915	110181182
18164530	34503	129972	110186236
17694053	34503	55212	110197898
18858003	34503	91829	110192926
16995615	34503	97891	110183054
19002730	34503	64418	110183661
16967613	34503	123429	110181160
18537862	34503	12456	110177451
18533537	34503	175570	110145799
18065923	34503	24641	110175095
18385814	34503	157684	110128227
18105474	34503	41323	110184410
17948296	34503	140934	110212325
17998373	34503	31969	110211634
18721683	34503	100794	110199680
17434953	34503	87160	110205381
19218927	34503	74813	110187488
17244545	34503	113191	110203295
18719604	34503	9401	110170977
17737422	34503	178139	110191977
18332546	34503	17937	110202473
17724959	34503	166054	110196792
18390864	34503	33050	110185576
19096921	34503	149136	110233776
18359032	34503	34614	110184126
19210898	34503	136708	110189046
18478943	34503	47536	110189783
19506658	34503	93715	110190810
18104782	34503	94880	110145957
19688219	34503	69742	110203644
17728801	34503	117382	110196375
19178030	34503	10036	110191850
18480129	34503	174084	110186645
18269472	34503	20770	110189632
19525118	34503	160854	110187160
18661692	34503	36251	110185394
19027000	34503	144559	110175566
116536692	34503	503225	684554474
18442456	34503	92318	110187602
19893596	34503	71006	110176093
18377971	34503	115304	110204771
19810724	34503	9110	110204021
18607006	34503	173668	110182361
18836472	34503	19187	110133907
19593906	34503	161507	110183730
18875898	34503	34625	110009018
19389422	34503	145717	110177553
18853272	34503	32208	110183148
19652320	34503	128598	110187364
18880059	34503	54083	110180279
20017021	34503	90323	110182933
18494916	34503	94550	110211401
20136911	34503	66574	110180708
18558711	34503	118335	110097942
19838916	34503	10830	110178300
18920909	34503	170312	110180843
18724195	34503	21324	110201691
20046487	34503	157772	110208329
19274033	34503	36792	110182152
19495264	34503	141598	110179316
19127257	34503	30327	110182654
19784474	34503	118937	110189405
18971932	34503	65457	110197030
19368014	34503	88183	110124493
18696235	34503	97202	110183814
19465987	34503	65206	110179445
18801201	34503	118538	110196337
19907038	34503	12352	110179776
19322907	34503	168421	110181084
18995647	34503	22094	110182527
20220413	34503	155803	110147177
19458214	34503	37818	110166854
19179592	34503	140582	110204496
19237187	34503	31029	110092539
19947132	34503	116480	110173862
19130859	34503	66738	110178475
20362603	34503	83902	110178614
18846280	34503	98537	110182223
20413488	34503	60727	110196921
18940284	34503	120233	110179083
19915248	34503	13113	110176764
19609275	34503	165577	110173860
19241330	34503	24346	110192902
19994075	34503	153243	110134889
19677313	34503	39503	110175918
19717851	34503	137935	110176788
19445678	34503	31106	110177363
19425668	34503	110887	110188841
19286591	34503	71334	110176340
20520841	34503	81592	110177542
19023712	34503	99516	110177249
20604773	34503	49523	110169519
19141525	34503	129377	110178829
19698772	34503	12893	110130478
19854163	34503	162565	110170194
19348067	34503	27831	110179993
20310336	34503	147072	110176073
19596268	34503	42024	110175103
20071970	34503	134539	110178960
19604323	34503	32688	110186565
20436687	34503	97464	110176360
19263327	34503	83392	110175839
20694679	34503	74420	110177807
19086493	34503	107678	110135780
20845416	34503	8754	110176621
19175579	34503	168746	110174373
19932819	34503	16538	110186028
20079313	34503	159011	110195478
19680314	34503	30782	110193630
20339009	34503	143299	110199211
19469569	34503	37965	110193189
20503849	34503	135463	110189047
19734045	34503	35625	110153993
19853461	34503	95151	110148708
19373301	34503	85703	110207197
20059722	34503	73435	110190134
19293898	34503	106900	110192080
20206712	34503	9366	110193145
19336039	34503	167363	110193068
20098885	34503	16819	110201239
19552226	34503	158812	110190011
19767578	34503	29560	110192348
20022170	34503	143769	110190020
19756575	34503	42154	110133497
20507022	34503	132523	110235921
19865488	34503	32930	110188407
20730500	34503	94049	110188406
19537129	34503	84023	110194815
20975134	34503	71964	110191504
19415807	34503	106402	110207928
21040662	34503	8815	110186261
19523080	34503	165892	110197543
20161214	34503	17986	110152741
19655574	34503	157542	110146088
19934150	34503	30751	110225680
20600438	34503	141863	110238079
19699938	34503	37664	110192365
20763700	34503	133582	110192819
19973029	34503	35609	110189555
20873222	34503	91492	110205651
19614301	34503	86367	110191118
21075405	34503	69953	110189456
19562243	34503	107731	110151991
21036300	34503	10613	110168363
19632196	34503	164451	110234845
20146768	34503	19431	110133993
20705714	34503	153759	110189078
20184674	34503	32376	110189149
20631568	34503	138358	110188288
19935625	34503	34521	110216470
20814033	34503	128188	110187056
20031947	34503	43915	110191330
21036138	34503	88022	110146510
19719033	34503	88833	110145660
21128976	34503	66054	110166960
19735586	34503	110317	110188917
21020884	34503	11155	110188161
20051487	34503	161381	110200305
20128565	34503	20635	110196198
20949768	34503	150209	110189895
20296584	34503	34900	110213667
20035033	34503	136537	110189198
20103803	34503	32574	110152869
20109598	34503	126072	110162133
20157645	34503	49237	110190748
21171658	34503	86646	110216418
19835014	34503	88548	110193000
21297365	34503	64531	110269620
19900971	34503	110280	110187942
21099262	34503	11819	110217489
20228477	34503	160248	110182972
20147083	34503	21317	110177275
21103763	34503	148971	110143477
20424912	34503	35693	110146973
20355170	34503	135185	110188578
20304990	34503	31406	110214470
20974303	34503	119229	110193331
20243556	34503	55215	110184632
20597250	34503	86234	110183836
19945191	34503	89481	110187937
21407005	34503	63649	110204234
20008550	34503	110195	110191310
20721032	34503	13243	110149319
19991142	34503	159984	110159061
20266370	34503	21966	110189174
21182919	34503	148289	110212023
20452935	34503	35266	110181050
20863757	34503	133831	110184013
20440057	34503	30953	110185788
21004549	34503	119087	110194271
20328394	34503	54884	110199272
21323838	34503	84639	110190063
20030801	34503	89796	110146374
21476864	34503	62627	110147228
20109674	34503	110632	110199764
21195012	34503	13343	110213502
20502037	34503	157486	110194138
20269153	34503	22582	110187331
21392228	34503	145801	110173617
20690995	34503	36696	110199717
20912097	34503	131812	110210286
20555839	34503	30924	110192028
21140144	34503	112664	110143959
20414978	34503	62293	110160538
21493755	34503	81550	110202831
20047453	34503	92473	110193866
21524287	34503	59502	110167592
20217916	34503	112269	110186017
21112877	34503	14852	110186086
20779175	34503	155359	110200687
20356750	34503	24830	110196601
21456884	34503	143147	110185604
20817694	34503	39496	110153238
20158799	34503	130780	110150262
20630708	34503	31356	110200685
21270738	34503	105769	110201538
20477232	34503	67286	110185254
21617336	34503	78433	110187160
20228720	34503	94137	110183687
21667843	34503	51135	110195009
20334687	34503	119684	110213873
21114118	34503	15701	110180841
20922021	34503	153662	110155862
20511050	34503	26119	110159203
21499268	34503	140656	110200393
20962317	34503	40335	110211845
20933937	34503	127436	110183819
20695979	34503	31627	110158891
21383116	34503	97241	110153955
20478641	34503	74800	110195042
21701425	34503	75251	110192972
20280038	34503	96792	110171069
20854979	34503	37103	110133250
19627453	34503	132163	110145944
21087772	34503	16761	110183404
20288847	34503	149591	110198541
20602790	34503	30482	110181704
20744916	34503	133756	110183375
20375760	34503	34952	110176404
21469177	34503	125279	110180286
20860736	34503	41254	110196465
21490916	34503	86195	110175007
20034081	34503	84869	110147928
21625449	34503	63224	110149008
19924707	34503	106406	110138868
21400820	34503	13966	110198986
20314618	34503	153160	110177859
20527508	34503	23949	110180417
21146176	34503	140179	110176924
20893105	34503	38706	110167873
21125680	34503	127564	110206576
20912507	34503	31613	110177406
20808522	34503	103567	110146155
20690109	34503	68555	110148022
21831985	34503	77517	110180200
20484457	34503	93674	110216331
21891177	34503	48208	110179377
20581759	34503	121252	110186181
21297302	34503	16640	110189795
21223463	34503	151096	110190015
20778356	34503	26284	110218704
21704663	34503	139033	110180873
21178061	34503	40693	110121547
20483704	34503	126654	110180320
20965699	34503	32128	110188475
21579210	34503	97609	110219967
20752891	34503	72798	110178250
21861567	34503	75892	110183429
20546090	34503	94619	110162658
21935563	34503	42136	110179838
20622585	34503	126183	110181774
21195930	34503	17628	110156095
21326321	34503	150367	110113379
20718656	34503	27721	110171229
21232122	34503	135705	110178355
20843570	34503	40910	110184665
20970414	34503	123678	110202702
20851144	34503	33164	110182215
21357154	34503	83477	110170653
20284531	34503	82918	110176629
21604460	34503	58738	110189506
20175367	34503	106569	110208150
21175707	34503	16048	110111713
20164917	34503	150299	110179854
20726330	34503	25157	110178522
21113280	34503	138014	110195120
21278930	34503	39594	110206490
20886064	34503	124910	110174508
20926288	34503	31525	110181993
21363254	34503	94981	110172620
20552186	34503	73623	110186042
21159751	34503	74514	110200406
20314611	34503	95724	110103992
22105901	34503	28928	110177225
20772984	34503	138426	110182592
21462409	34503	18025	110199773
21467529	34503	148093	110208497
21004205	34503	28950	110178077
21848258	34503	134566	110266102
21204613	34503	41378	110176864
21558060	34503	123231	110185837
21197937	34503	33614	110208334
21116433	34503	95421	110116320
20907014	34503	75434	110176770
22081839	34503	72886	110181442
20702776	34503	96698	110178498
22176471	34503	27549	110195168
20840025	34503	139273	110181620
21512657	34503	18144	110175411
20412368	34503	145741	110181654
20969005	34503	29769	110187230
20548628	34503	132226	110201296
20758076	34503	39808	110089855
21281573	34503	119411	110178889
20881845	34503	37157	110177950
21359935	34503	85849	110192934
20937664	34503	82833	110205120
22027591	34503	66129	110174040
20227595	34503	100745	110176947
21859732	34503	13712	110172013
20502978	34503	149585	110191637
20938075	34503	23530	110206249
21336513	34503	138511	110109565
21232277	34503	37704	110181569
20957021	34503	123546	110177051
21098136	34503	31772	110193141
21912704	34503	97964	110203949
21184976	34503	70222	110176603
22164823	34503	75686	110175347
20900926	34503	92294	110180178
22225835	34503	45845	110190996
20993052	34503	120186	110205192
21519889	34503	19007	110088716
21008876	34503	147513	110180490
21124691	34503	26978	110178977
21438802	34503	136280	110199231
21523222	34503	39586	110206954
20937289	34503	124658	110170828
21363241	34503	32297	110172496
21913850	34503	101606	110175249
21219277	34503	65843	110193064
22225619	34503	76809	110205767
20975316	34503	91581	110110644
22282671	34503	53626	110177559
21056401	34503	112996	110136855
21781572	34503	17441	110194405
21618144	34503	147328	110177811
21160338	34503	26851	110173293
22178374	34503	135572	110175484
21611016	34503	39875	110176657
21666624	34503	122866	110176258
21439075	34503	32526	110156299
21708087	34503	99062	110122974
21318093	34503	68936	110178550
22236412	34503	75864	110178746
21064556	34503	91645	110176111
22349007	34503	48152	110188647
21158001	34503	117513	110179452
21778998	34503	18249	110165553
21726020	34503	146000	110193597
21255994	34503	27399	110188034
22217294	34503	134246	110192767
21639620	34503	41268	110116351
21697189	34503	122088	110177367
21515593	34503	32450	110178033
22072982	34503	94522	110180693
21288793	34503	72543	110191807
22346337	34503	74163	110171748
21095889	34503	92850	110178514
22418320	34503	40255	110177866
21112417	34503	124340	110156480
21663111	34503	19074	110170887
21218672	34503	145760	110120422
21233543	34503	28199	110178043
21378891	34503	131924	110177204
21311839	34503	40898	110177259
20616740	34503	119866	110206845
21367227	34503	33605	110171312
21122213	322979	28100	110177053
29801426	1206730	28100	110096488
30071116	1201274	28100	110059782
29904248	1191097	28100	110054284
30138553	1209576	28100	110024285
30251375	1215113	28100	110036874
30031121	1207268	28100	110037072
29661421	1183726	28100	110042411
29962794	1196032	28100	110055960
30026384	1182116	28100	110058525
29755835	1187470	28100	110055687
29815065	1193045	28100	110046823
30004750	1188987	28100	110040480
29744340	1201175	28100	109979996
30211869	1181847	28100	109984397
29552501	1154669	28100	110022934
29328790	1169180	28100	110022307
29520329	1164236	28100	110017797
29682064	1178938	28100	110021029
29497550	1166518	28100	110046688
29305851	1144939	28100	110013888
29262440	1148128	28100	110022252
29646669	1166929	28100	110021026
29666744	1185099	28100	109979276
29312176	1108681	28100	109989516
29193584	1132734	28100	110016871
29056465	1136968	28100	110019573
29244583	1147432	28100	110044217
29606743	1181622	28100	110021223
29557315	1134260	28100	110049991
29358598	1130236	28100	110056241
29700258	1148047	28100	110062411
30060898	1188811	28100	110058152
29681429	1171006	28100	110016285
29202097	1109646	28100	110024704
29567156	1145676	28100	110075902
29895739	1181830	28100	110065842
29343303	1142791	28100	110071457
29486564	1126553	28100	110072348
29657292	1144661	28100	110077107
29997363	1180924	28100	110072411
29277035	1128221	28100	110093318
29375840	1113563	28100	110089039
29412150	1167088	28100	110035478
29252490	1125878	28100	110022288
29730705	1150821	28100	110033178
29740944	1149115	28100	110032324
29553507	1158757	28100	110028242
29863422	1141249	28100	110131250
29986660	1141224	28100	110023369
29449545	1146126	28100	110017777
29251628	1120325	28100	110018717
29232057	1138904	28100	110017870
29269113	1124259	28100	109978724
29517933	1138651	28100	109983265
29853557	1142847	28100	110018012
29706567	1131909	28100	110018615
29469118	1135483	28100	110013235
29456277	1143763	28100	110013215
29859577	1142554	28100	110004713
31804721	1101577	28100	110013207
32013214	1110008	28100	110012967
31504726	1112506	28100	110014297
29428384	1138047	28100	109989304
29682748	1144682	28100	109987689
29596906	1124451	28100	110011262
29626317	1132452	28100	109982756
29191607	1116289	28100	110012356
29225205	1128329	28100	110013453
29373209	1125750	28100	110014212
29613223	1136606	28100	110013631
29560943	1131360	28100	110026918
29533132	1135406	28100	110014195
29440726	1132840	28100	109973024
29164472	1094722	28100	109979856
29527120	1106227	28100	110012457
29424176	1139947	28100	110016549
29404828	1127433	28100	110013771
29110014	1110898	28100	110011869
29296929	1123483	28100	110013372
29442968	1130983	28100	110025644
29541291	1132838	28100	110009096
29652102	1142796	28100	110023162
29692714	1131464	28100	109984591
29309466	1107341	28100	109781992
29221440	1117150	28100	110010062
29614261	1135836	28100	110009690
28952165	1065958	28100	110013514
29258312	1116978	28100	110039308
29538192	1134087	28100	110005948
29185156	1113234	28100	110011731
29043281	1128517	28100	110003655
29170991	1123212	28100	110009823
29501871	1120808	28100	109971078
29644858	1122925	28100	109991421
29782859	1119998	28100	110074657
29800700	1113408	28100	110101976
29870929	1122815	28100	110080099
29642831	1131218	28100	110079044
29793843	1126987	28100	110072886
29758312	1121853	28100	110074300
29547913	1105330	28100	110062182
29430232	1116707	28100	110049305
29641875	1109952	28100	110033424
29850109	1111167	28100	110036089
29776907	1107171	28100	110066677
29493501	1101753	28100	110069884
29708740	1125134	28100	110064192
29589834	1109028	28100	110050204
29515550	1119531	28100	110051193
29295199	1110942	28100	110078211
29504144	1128628	28100	110052047
29420686	1105932	28100	110058345
29385305	1113295	28100	110015330
29724075	1118054	28100	110027603
29730641	1115078	28100	110051294
29873020	1115654	28100	110058249
29891749	1114028	28100	110077433
29510713	1093830	28100	110068174
29402232	1080656	28100	110065374
29481868	1113390	28100	110070697
29334380	1116016	28100	110045459
29407862	1100233	28100	110027061
29359650	1088642	28100	109991141
29458403	1096208	28100	110007739
29544956	1096260	28100	110020239
29536780	1083189	28100	110023729
29171736	1064781	28100	110018110
28948545	1040338	28100	110017028
29192091	1093682	28100	110005449
29201588	1109055	28100	110017855
29348594	1092798	28100	110032195
29074368	1084620	28100	110012258
29392813	1082766	28100	109976664
29141809	1078218	28100	109988322
28993958	1060133	28100	110015462
29365481	1090496	28100	110019151
29420541	1104313	28100	110015826
29252799	1081540	28100	110019069
29138629	1093934	28100	110033620
29040884	1075138	28100	110011514
29117626	1075906	28100	110014441
29425111	1098521	28100	110020300
29304571	1079548	28100	109981137
29189695	1049440	28100	109987423
29079885	1067241	28100	110017479
29097808	1061582	28100	110018502
29065288	1030944	28100	110028845
24524694	369473	49496	110014272
24503245	369473	17968	110013258
23830602	369473	6868	110034636
24303364	369473	6868	110042935
23439846	369473	13331	110065759
23514574	369473	44160	110042739
22764523	160697	70480	110036273
22229358	137415	108546	110159385
22522777	149694	88244	110153371
22577987	153154	85941	110155285
22643840	177464	82016	110156853
22629545	193978	81704	110170112
22731026	160529	76384	110188286
22594300	154258	79998	110166402
47718531218	547931781	102180710	197770915644
31082706	1199237	226715	82803889
60034786	542378	226715	101332565
40314942	1034044	119968	97093714
15932141	1762854	361728	82510039
60171541	530105	361728	110120338
60356078	536085	361728	110191060
43563132	992924	95105	101257150
43563132	2546979	549934	84990938
442285876	6832034	1433306	1891845087
18859438	6832034	804686	110174986
18895383	6832034	856802	110136194
61732129050	712168405	137351706	255884729788
