31335212	641174	359562	107798120
31424235	1340789	342175	109543175
83807731	2250540	830970	268049339
1197232826	32473217	12748244	3974459825
1197232826	41164	1051223	35077543
12693801	2476867	263184	117144170
12693801	2802798	263184	39391990
0	0	0	0
0	0	0	0
0	0	0	0
0	0	0	0
0	0	0	0
0	0	0	0
188276955	6441100	2206448	681391141
188276955	1880461	2206448	22759191
0	0	0	0
0	0	0	0
0	0	0	0
0	0	0	0
0	0	0	0
0	0	0	0
186201253	6744057	2179565	686089909
186201253	2327292	2179565	29854270
186201253	1967265	2179565	32042749
0	0	0	0
0	0	0	0
0	0	0	0
0	0	0	0
0	0	0	0
0	0	0	0
220342142	6118129	1811230	704988044
220342142	2856586	1811230	33052329
220342142	2706745	1811230	37404643
14045421	1185234	1811230	39118002
14045421	1101468	148981	51829602
14045421	1111008	131813	51968286
14045421	1076664	122830	58523069
14045421	1043137	140098	54605855
14045421	1018333	116515	68079425
1898032136	74589467	20851968	7559931237
205847539	74589467	20851968	115135901
176127390	74589467	20851968	114182144
156259968	74589467	20851968	113457624
141758228	74589467	20851968	113057471
131621824	74589467	20851968	112961695
120679803	74589467	20851968	112563164
111841525	74589467	20851968	112302755
81474335	74589467	20851968	111883188
6322962	74589467	20851968	111830516
6322962	74589467	20851968	111648895
6322962	74589467	20851968	111493764
1932449	74589467	20851968	111358356
4408086	74589467	20851968	111252544
6525382	74589467	20851968	111139026
8029576	74589467	20851968	111071876
9685833	74589467	20851968	110973093
10914990	74589467	20851968	110900599
11077790	74589467	20851968	110838973
12508064	74589467	20851968	110779546
13463395	74589467	20851968	110729086
14080408	74589467	20851968	110538075
14535910	74589467	20851968	110600608
15484886	74589467	20851968	110628798
16549230	74589467	20851968	110569275
16710132	74589467	20851968	110541709
17479556	74589467	20851968	110504944
2315942	74589467	39255	110484929
2315942	74589467	335438	110455020
2315942	74589467	562814	110435727
2315942	74589467	180603	110407026
2315942	74589467	670338	110412452
2315942	74589467	1745478	106129641
2315942	74589467	1163932	189941173
2315942	74589467	57987	109835930
2315942	74589467	57987	108592111
2315942	74589467	57987	106529379
3939314	74589467	57987	106895229
9011253	74589467	57987	107849977
18378050	74589467	57987	108872194
1187712	74589467	57987	110258019
22843137	74589467	57987	109964135
22843137	74589467	57987	107165026
19674408	74589467	57987	108527988
25223316	74589467	57987	110061866
14738846	74589467	57987	110226419
23975552	74589467	57987	105018749
28383989	74589467	57987	113906127
15862983	74589467	57987	109474802
22280613	74589467	57987	110191636
26202381	74589467	57987	110188169
25097598	74589467	57987	110172346
25475107	74589467	57987	110129996
25685530	74589467	57987	110169541
19327346	74589467	57987	110164244
19202034	74589467	57987	110154632
27196643	74589467	57987	110148970
28418635	74589467	57987	110147884
27072425	74589467	57987	110151663
26823988	74589467	57987	110156307
26652253	74589467	57987	110133442
26807470	74589467	57987	110064955
28229840	74589467	57987	110117615
17964478	74589467	57987	109999798
27654581	74589467	57987	110130072
27717098	74589467	57987	110123756
28091998	74589467	57987	110037386
27567059	74589467	57987	110119099
27219096	74589467	57987	110111544
28281718	74589467	57987	110109810
27693411	74589467	57987	110116478
27428293	74589467	57987	110121202
27612619	74589467	57987	110108933
27890935	74589467	57987	110101046
27520131	74589467	57987	110107750
28194911	74589467	57987	110092704
27542863	74589467	57987	110089597
28104474	74589467	57987	110081219
28593102	74589467	57987	110084302
27169303	74589467	57987	110086970
27411953	74589467	57987	110083568
27804907	74589467	57987	110054143
28472428	74589467	57987	110094323
25905361	74589467	57987	109699001
27183750	74589467	57987	110075536
26889506	74589467	57987	110153213
27619182	74589467	57987	110082465
26628132	74589467	57987	109965914
27475418	74589467	57987	110062554
27555881	74589467	57987	110116899
27572016	74589467	57987	110095453
27635394	74589467	57987	110051676
27853574	74589467	57987	110056105
27463396	74589467	57987	110131563
27620696	74589467	57987	110047690
27736572	74589467	57987	110042612
27779661	74589467	57987	110034366
26120431	74589467	57987	110037991
26983954	74589467	57987	110037620
27421994	74589467	57987	109936163
27996032	74589467	57987	110035309
26284188	74589467	57987	109993855
27002550	74589467	57987	110042274
27573023	74589467	57987	110039271
27927930	74589467	57987	110035709
25272676	74589467	57987	110034076
28393050	74589467	57987	110042967
24831888	74589467	57987	110044786
25847864	74589467	57987	110030417
27577875	74589467	57987	109901623
27641762	74589467	57987	110030269
28321187	74589467	57987	110025861
28783473	74589467	57987	110023712
28623057	74589467	57987	110028228
29061776	74589467	57987	110032487
28764022	74589467	57987	110035219
25989506	74589467	57987	110033546
28105719	74589467	57987	110032341
28240121	74589467	57987	110030903
28513700	74589467	57987	110034455
27479233	74589467	57987	110028427
28194916	74589467	57987	110000396
28659898	74589467	57987	110027632
14490122	74589467	14879	110025281
28531759	74589467	14879	110040514
28835991	74589467	14879	110020277
22538415	74589467	14879	110029947
20510765	74589467	14879	110032533
28565952	74589467	14879	109893551
20103290	74589467	14879	110021220
28064563	74589467	14879	110016852
23466921	74589467	14879	109910555
28449318	74589467	14879	109540044
24968604	74589467	14879	110029794
10718194	74589467	44073	109894899
11543090	74589467	44326	110024018
11844505	74589467	41882	110047515
10921798	74589467	52802	110033813
11967799	74589467	43002	110028757
11351228	74589467	55953	110031089
11924556	74589467	57834	110053106
20088480	74589467	20629	109993860
18419022	74589467	37113	110021689
13931979	74589467	110152	109897631
14186209	74589467	55251	110024125
13902206	74589467	65346	110005572
20636758	74589467	22049	110006309
15024973	74589467	54838	110017396
14822530	74589467	73781	110058207
19061087	74589467	46608	110090688
28333660	74589467	46608	110012992
28658442	74589467	46608	110010585
24883187	74589467	46608	110005770
28735366	74589467	46608	109865710
27227797	74589467	46608	110003571
23752652	74589467	15412	109926207
20017363	74589467	48715	110005172
19736589	74589467	61239	110001797
18028819	74589467	73874	110009498
22224133	74589467	62655	110026180
14662031	74589467	78688	110013925
20486956	74589467	30588	109970881
19617199	74589467	52320	109898271
21562946	74589467	31022	110092629
22334924	74589467	35214	110063905
20721408	74589467	35102	110026585
21636104	74589467	37130	110021320
20852242	74589467	35556	110020488
20593666	74589467	24926	110026337
21316749	74589467	35723	110021074
21276409	74589467	30756	110020466
21343394	74589467	43056	110016708
21519445	74589467	38976	110021592
20018719	74589467	38705	109902681
22160649	74589467	46573	110025995
22029080	74589467	34410	110026173
22636191	74589467	38300	110024087
21207014	74589467	34685	110025967
21826757	74589467	42617	110018196
22654721	74589467	43456	110006840
23277673	74589467	42833	110018213
22743028	74589467	49066	109974558
24582386	74589467	44150	110015433
24069672	74589467	44628	110009782
25984259	74589467	43547	110007452
25907017	74589467	61330	110005233
25071684	74589467	56094	110006262
25502038	74589467	60336	110005307
26833470	74589467	60807	110010334
27374549	74589467	67927	110015908
19596136485	53728971	35591457	83849129262
19596136485	75165	72768	2975525
