31398584	632725	362475	108449278
33959649	1333123	350443	114441787
91505930	2394363	930136	292117284
1207989290	32497433	13380430	4051768623
1207989290	937030	768730	38754797
1207989290	4548517	768730	51230490
1207989290	4198181	768730	50521196
1207989290	3641929	768730	50489995
1207989290	3319777	768730	50013071
1207989290	3000982	768730	49852690
1207989290	2384236	768730	43264566
1207989290	887978	768730	19020107
0	0	0	0
0	0	0	0
0	0	0	0
0	0	0	0
0	0	0	0
0	0	0	0
173638910	9193801	1944306	722514601
173638910	1705382	1944306	39241696
24153680	591977	1944306	49083318
24153680	2488669	1944306	46038969
24153680	2347482	1944306	46149492
14338911	1194337	1944306	59945895
14338911	1712206	136530	75593808
14338911	1646370	136452	74730077
316154	1582301	131825	75699132
3380441	1966900	73369	86127790
3662337	1556298	120145	76805293
6160959	1765631	98746	85678013
7301086	1677240	113093	82363647
6678708	1379184	158083	77031328
1315643522	84294743	14757326	6065644717
0	0	0	0
112088309	519215	860665	342020473
153338115	519215	860665	111974029
138822647	519215	860665	111752978
130274132	519215	860665	111582979
121737492	519215	860665	111424319
113884032	519215	860665	111291893
107492676	519215	860665	111169639
101857532	519215	860665	110958609
97189429	519215	860665	110965979
92720698	519215	860665	110872264
87743175	519215	860665	110684120
83698505	519215	860665	110647352
80616275	519215	860665	110516600
79240111	519215	860665	110576059
77123932	519215	860665	110526904
75010360	519215	860665	110490611
72606552	519215	860665	110466281
51464614	519215	860665	110427243
10606604	519215	860665	110389149
11986926	519215	860665	110349386
12676768	519215	860665	110315598
13474448	519215	860665	110289665
13878864	519215	860665	110271042
14918062	519215	860665	110124454
15358943	519215	860665	110166133
16077520	519215	860665	110179623
16630455	519215	860665	110198727
17404334	519215	860665	110152608
17582721	519215	860665	110169415
17702044	519215	860665	110156102
18392133	519215	860665	109652901
18464189	519215	860665	110141938
18903959	519215	860665	110120652
19543879	519215	860665	110104548
19589629	519215	860665	110007093
19883092	519215	860665	110092045
20083540	519215	860665	110081653
20436926	519215	860665	110074498
20709110	519215	860665	110071664
21038648	519215	860665	110067188
21302201	519215	860665	110061738
21446162	519215	860665	110053510
21652659	519215	860665	110048298
21899183	519215	860665	110043583
22115379	519215	860665	109932655
22339434	519215	860665	110031253
22448086	519215	860665	110021703
22630592	519215	860665	109985269
22734174	519215	860665	110017149
22856490	519215	860665	109628028
23025545	519215	860665	110005624
23453101	519215	860665	110002199
23318790	519215	860665	109995211
23469525	519215	860665	109989731
15709993	519215	132396	109925231
10483109	519215	202455	110020008
10483109	519215	273319	110012130
10483109	519215	325701	110010196
10483109	519215	314133	110012282
3075505	519215	214398	110011851
4550947	519215	158791	109999006
5312331	519215	80422	109923077
6065421	519215	80422	109988424
6835971	519215	6615	109988030
7447214	519215	6615	109986999
6755154	519215	470028	109984857
4681272	519215	852201	100195237
4681272	519215	1501872	217097570
4681272	519215	471965	109989472
4681272	519215	416076	109990340
4681272	519215	411113	109987034
905201	519215	150971	109980360
905201	519215	57141	109897886
905201	519215	17886	109969946
91514	519215	9656	109966018
1294204	519215	12075	109966943
12706024	519215	12075	109959925
16835444	519215	12075	109666087
14361703	519215	12075	109315995
18781335	519215	12075	109784528
15267542	519215	12075	109376579
4941510	519215	1235	109654353
21218193	519215	1235	109952806
27100769	519215	1235	109937606
12600815	519215	1235	109922945
17994554	519215	1235	109942465
22514701	519215	1235	109917564
26300953	519215	1235	109920503
26582771	519215	1235	109909453
27320828	519215	1235	109909414
19777083	519215	1235	109914422
7257123	519215	9644	109933039
17094664	519215	9644	109944622
28556740	519215	9644	109931568
28394180	519215	9644	109905600
28633563	519215	9644	109906352
26172994	519215	9644	109907541
27416949	519215	9644	109912139
25941588	519215	9644	109904321
26863178	519215	9644	109902589
26486753	519215	9644	109838943
27366592	519215	9644	109905231
27497793	519215	9644	109872412
27676039	519215	9644	109899099
25994844	519215	9644	109898600
17236847	519215	9644	109909226
27202972	519215	9644	109903099
27293839	519215	9644	109892882
27417850	519215	9644	109893313
27602525	519215	9644	109892008
27958710	519215	9644	109891675
27033417	519215	9644	109890738
26670963	519215	9644	109889969
26158984	519215	9644	109819198
26427937	519215	9644	109888206
26651477	519215	9644	109888191
27017495	519215	9644	109887476
26359683	519215	9644	109887004
27263655	519215	9644	109886334
27106545	519215	9644	109885979
27041674	519215	9644	109885307
27572958	519215	9644	109884923
27425168	519215	9644	109885724
28015325	519215	9644	109884930
27338642	519215	9644	109884441
26876856	519215	9644	109883895
26647293	519215	9644	109849441
27730904	519215	9644	109875544
26675996	519215	9644	109800245
26793292	519215	9644	109882812
26957877	519215	9644	109882312
26741145	519215	9644	109881482
26981704	519215	9644	109881912
27192582	519215	9644	109880709
27249677	519215	9644	109879930
27282879	519215	9644	109879525
27113715	519215	9644	109879814
27795279	519215	9644	109879868
27348190	519215	9644	109879225
27938620	519215	9644	109879342
27500543	519215	9644	109881134
28455899	519215	9644	109817274
24355402	519215	9644	109881444
23150675	519215	9644	109891656
20058549	519215	9644	109900890
28032019	519215	9644	109892736
23068153	519215	9644	109862002
26809145	519215	9644	109896669
27539265	519215	9644	109876081
27206813	519215	9644	109875596
27882829	519215	9644	109875260
28063663	519215	9644	109875476
27681424	519215	9644	109875404
27260184	519215	9644	109862627
27163996	519215	9644	109873352
27856122	519215	9644	109873829
28076022	519215	9644	109873746
27871995	519215	9644	109873706
25218994	519215	9644	109877684
28779269	519215	9644	109883281
25909144	519215	9644	109881883
22310848	519215	9644	109889549
27692330	519215	9644	109896699
27181731	519215	9644	109872448
27277214	519215	9644	109872467
26330221	519215	9644	109872575
26473723	519215	9644	109730838
26293434	519215	9644	109872080
26404907	519215	9644	109870916
26696671	519215	9644	109871095
26523149	519215	9644	109870324
26753976	519215	9644	109870693
26311929	519215	9644	109870684
27109816	519215	9644	109869992
27451157	519215	9644	109871230
27412174	519215	9644	109870551
27214610	519215	9644	109870552
27201929	519215	9644	109870483
26681149	519215	9644	109869786
26160785	519215	9644	109869542
26590385	519215	9644	109835518
26378612	519215	9644	109868625
26462695	519215	9644	109868499
26771169	519215	9644	109868861
27047745	519215	9644	109868652
26608422	519215	9644	109869088
27247978	519215	9644	109838302
27150709	519215	9644	109868494
27372715	519215	9644	109867832
27662200	519215	9644	109868338
27058886	519215	9644	109868154
27408758	519215	9644	109867792
27501515	519215	9644	109867413
27002190	519215	9644	109867262
26832509	519215	9644	109841706
26786423	519215	9644	109866958
26504124	519215	9644	109866277
27115300	519215	9644	109866018
26850230	519215	9644	109866325
26908123	519215	9644	109866879
27117564	519215	9644	109866844
27111305	519215	9644	109867040
26999958	519215	9644	109865946
27201891	519215	9644	109866056
27243552	519215	9644	109865804
27581252	519215	9644	109866271
27544114	519215	9644	109852310
26917424	519215	9644	109865494
27386617	519215	9644	109843581
27325959	519215	9644	109864664
27528742	519215	9644	109865019
27914679	519215	9644	109864884
26113553	519215	9644	109867068
16249236	519215	34517	109880802
27375192	519215	34517	109894563
27681450	519215	34517	109865454
27003309	519215	34517	109864786
27383535	519215	34517	109863941
27089969	519215	34517	109864358
26750482	519215	34517	109864505
27084653	519215	34517	109864259
26701473	519215	34517	109838760
27124641	519215	34517	109864000
27043939	519215	34517	109864468
26519803	519215	34517	109865901
26862933	519215	34517	109846670
26743509	519215	34517	109863889
27193421	519215	34517	109864334
23867162	519215	34517	98891716
26770221	519215	34517	109873909
26983903	519215	34517	109863436
27000841	519215	34517	109863605
27402670	519215	34517	109863943
27120629	519215	34517	109864897
26408612	519215	34517	109863288
26503196	519215	34517	109869964
26679052	519215	34517	109862537
26904865	519215	34517	109863059
26972304	519215	34517	109862932
27260420	519215	34517	109863304
27243729	519215	34517	109863150
27170311	519215	34517	109863168
26651879	519215	34517	109862391
27014305	519215	34517	109862168
26973309	519215	34517	109861914
27003731	519215	34517	109845340
26866293	519215	34517	109862427
26768616	519215	34517	109862410
26544603	519215	34517	109840362
26723487	519215	34517	109861496
26639805	519215	34517	109862014
26674411	519215	34517	109861233
26945547	519215	34517	109861816
27731774	519215	34517	109861572
27465073	519215	34517	109862020
26882929	519215	34517	109749408
26804043	519215	34517	109863256
27213937	519215	34517	109861699
26939837	519215	34517	109861782
27023427	519215	34517	109861532
27345757	519215	34517	109861574
27475093	519215	34517	109861480
27575667	519215	34517	109838306
27500757	519215	34517	109861255
27354004	519215	34517	109861870
27129876	519215	34517	109848197
27417386	519215	34517	109861104
26867141	519215	34517	109830708
27053921	519215	34517	109862296
27035064	519215	34517	109861046
26904142	519215	34517	109861171
27103180	519215	34517	109861738
27085590	519215	34517	109860801
27338301	519215	34517	109862071
27829655	519215	34517	109861327
27194197	519215	34517	109861108
27757250	519215	34517	109814564
26896449	519215	34517	109860352
26579831	519215	34517	109860079
27236942	519215	34517	109860495
27260058	519215	34517	109860997
27232053	519215	34517	109861016
27273189	519215	34517	109860929
27709973	519215	34517	109860800
26163252	519215	34517	109865105
22931740	519215	12439	109823337
26593526	519215	12439	109877397
26205280	519215	12439	109860396
26981482	519215	12439	109860688
26728122	519215	12439	109860550
26553318	519215	12439	109868742
26858142	519215	12439	109859409
27039912	519215	12439	109859835
26791130	519215	12439	109861697
26784933	519215	12439	109861055
26713281	519215	12439	109860524
26783989	519215	12439	109859554
27057665	519215	12439	109859437
27030340	519215	12439	109860457
26857536	519215	12439	109860102
27214259	519215	12439	109859892
27130692	519215	12439	109861022
26956051	519215	12439	109859755
26411259	519215	12439	109845159
26176639	519215	12439	109858893
26924685	519215	12439	109845470
26648919	519215	12439	109859003
27015350	519215	12439	109859605
26805993	519215	12439	109859474
27111083	519215	12439	109859381
27473429	519215	12439	109859304
26833553	519215	12439	109859679
26612185	519215	12439	109859212
27045265	519215	12439	109859322
26808507	519215	12439	109859700
27330973	519215	12439	109859998
27047615	519215	12439	109859463
27072774	519215	12439	109841667
26984286	519215	12439	109858902
27121859	519215	12439	109859612
27200451	519215	12439	109858873
27482327	519215	12439	109859228
27085799	519215	12439	109859153
26570261	519215	12439	109859457
27317884	519215	12439	109858879
27379574	519215	12439	109846448
27478844	519215	12439	109859028
27437139	519215	12439	109859210
26005202	519215	12439	107926686
26680353	15484	12439	109275601
26845156	15484	12439	109246465
27177558	15484	12439	109757162
27178348	15484	12439	109766204
27049874	15484	12439	109859546
27463614	15484	12439	109860119
27312819	15484	12439	109859599
27158910	15484	12439	109859599
27444326	15484	12439	109863217
26521197	15484	12439	109846907
26717438	15484	12439	109860386
27309596	15484	12439	109857798
27309041	15484	12439	109859368
27483932	15484	12439	109858414
27296205	15484	12439	109858576
27383730	15484	12439	109858565
27268212	15484	12439	109778188
27546869	15484	12439	109857999
27672032	15484	12439	109852957
27614945	15484	12439	109858776
27443445	15484	12439	109859035
27722857	15484	12439	109857898
26915649	15484	12439	109858311
27165425	15484	12439	109857575
27627985	15484	12439	109858788
27533633	15484	12439	109857868
27160518	15484	12439	109857958
27422275	15484	12439	109857836
27517535	15484	12439	109858208
27392085	15484	12439	109858787
23748271	15484	11563	109758110
25536377	15484	9526	109878104
27199605	15484	9526	109869488
27377852	15484	9526	109858886
27591602	15484	9526	109858578
27466564	15484	9526	109858451
27229477	15484	9526	109839820
26919150	15484	9526	109858213
27115956	15484	9526	109858106
27148197	15484	9526	109719118
27175131	15484	9526	109859651
27037899	15484	9526	109859210
26987879	15484	9526	109858498
26838193	15484	9526	109836215
27385225	15484	9526	109857800
27473374	15484	9526	109857448
27614480	15484	9526	109859701
27325059	15484	9526	109857555
27128475	15484	9526	109858412
27375462	15484	9526	109857662
27358772	15484	9526	109858311
27145290	15484	9526	109857847
27209964	15484	9526	109858058
27212375	15484	9526	109857670
27139014	15484	9526	109857729
27109443	15484	9526	109858050
27419471	15484	9526	109824097
27333906	15484	9526	109828130
26953388	15484	9526	109857305
27363253	15484	9526	109856947
27424894	15484	9526	109857562
27612542	15484	9526	109857204
27398040	15484	9526	109858105
27469895	15484	9526	109857378
27599803	15484	9526	109857850
27468152	15484	9526	109857139
27601425	15484	9526	109858631
27528371	15484	9526	109857159
27525222	15484	9526	109857623
27623351	15484	9526	109857975
27479576	15484	9526	109857571
27539413	15484	9526	109809806
27775323	15484	9526	109857881
27772933	15484	9526	109857000
19824771	15484	33893	109866657
27347433	15484	33893	109882419
27238844	15484	33893	109830303
27002553	15484	33893	109857725
27051826	15484	33893	109857964
27332918	15484	33893	109857296
27057347	15484	33893	109857551
27128868	15484	33893	109857141
27126433	15484	33893	109857476
27353917	15484	33893	109857832
27485000	15484	33893	109861003
27504199	15484	33893	109856733
27295576	15484	33893	109851733
27735710	15484	33893	109856756
27714311	15484	33893	109857448
26774367	15484	2458	109860730
27288362	15484	2458	109864449
27071730	15484	2458	109857623
27370127	15484	2458	109857498
27275627	15484	2458	109744120
26722389	15484	2458	109858399
26830243	15484	2458	109857210
26882688	15484	2458	109839994
26860999	15484	2458	109857135
26512730	15484	2458	109786812
26621214	15484	2458	109855833
27191240	15484	2458	109856429
27021834	15484	2458	109856629
27306399	15484	2458	109856956
27195091	15484	2458	109841794
27207343	15484	2458	109856927
27303516	15484	2458	109857224
27472826	15484	2458	109857118
27434653	15484	2458	109856789
27530623	15484	2458	109857302
27032480	15484	2458	109857058
27034849	15484	2458	109857396
27320852	15484	2458	109856327
27475154	15484	2458	109820140
27081515	15484	2458	109856025
27692750	15484	2458	109856269
27691569	15484	2458	109856128
27478796	15484	2458	109825428
27744697	15484	2458	109856545
27046002	15484	2458	109856512
27253516	15484	2458	109856753
27586866	15484	2458	109856826
27675823	15484	2458	109856501
27740718	15484	2458	109856533
27197851	15484	2458	109856661
27575283	15484	2458	109857172
27793018	15484	2458	109857346
27417386	15484	2458	109832704
27542920	15484	2458	109855664
27720175	15484	2458	109856224
27899646	15484	2458	109856376
27744269	15484	2458	109856358
27532307	15484	2458	109856930
20750646	15484	28104	109862207
25232236	15484	9780	109877260
27597135	15484	9780	109870402
27527175	15484	9780	109857185
27352630	15484	9780	109838037
27421693	15484	9780	109856165
27800199	15484	9780	109856821
27872164	15484	9780	109849013
26750396	15484	3466	109827682
23787861	15484	16081	109882428
27061106	15484	16081	109875920
26782883	15484	16081	109856754
27213824	15484	16081	109856719
27528553	15484	16081	109856520
26996693	15484	16081	109856750
27042494	15484	16081	109855873
26823686	15484	16081	109856657
26956146	15484	16081	109856494
27119676	15484	16081	109858377
27378351	15484	16081	109857704
27774217	15484	16081	109830722
27034630	15484	16081	109743221
27984088	15484	16081	109858132
27528326	15484	16081	109856604
27207457	15484	16081	109838020
27669739	15484	16081	109856043
27785336	15484	16081	109856483
27445490	15484	16081	109856437
27563158	15484	16081	109856775
27721163	15484	16081	109857264
27650810	15484	16081	109857219
27860848	15484	16081	109856388
27743875	15484	16081	109855677
27645846	15484	16081	109856808
27666361	15484	16081	109855402
27486077	15484	16081	109856034
23202776	15484	23622	109861129
26895047	15484	23622	109870015
27257292	15484	23622	109857039
27378916	15484	23622	109855931
27348357	15484	23622	109856080
27192181	15484	23622	109855723
27485695	15484	23622	109856041
27562773	15484	23622	109856322
27741416	15484	23622	109823453
27655834	15484	23622	109856385
27738121	15484	23622	109856324
27641087	15484	23622	109785955
27996910	15484	23622	109855459
27726735	15484	23622	109856175
27788750	15484	23622	109857467
28031391	15484	23622	109856504
23918097	15484	15988	109859534
27445734	15484	15988	109866705
27348561	15484	15988	109856016
27602691	15484	15988	109854482
27831936	15484	15988	109855965
28076234	15484	15988	109856161
28071638	15484	15988	109857098
28188643	15484	15988	109856026
24138940	15484	16553	109864735
27531772	15484	16553	109872119
27857567	15484	16553	109855838
27328606	15484	16553	109855973
27409907	15484	16553	109829673
27697279	15484	16553	109856018
27663096	15484	16553	109855849
24120891	15484	16464	109860563
27741626	15484	16464	109873854
17977085	15484	44414	109861954
21396626	15484	32090	109884057
27632957	15484	32090	109867661
27483237	15484	32090	109842936
27762254	15484	32090	109855516
27819001	15484	32090	109847705
23797706	15484	18059	109860657
22555261	15484	25057	109869950
23239074	15484	22582	109870775
27275493	15484	22582	109874504
27487012	15484	22582	109855550
20601709	15484	32470	109861479
23771294	15484	17103	109877628
25662207	15484	7722	109877537
23789486	15484	20216	109867825
25907723	15484	9444	109854210
17643805	15484	48445	109871629
15793869	15484	60966	109889266
17169058	15484	56923	109897894
16821664	15484	62175	109901186
16051938	15484	62647	109898618
15730986	15484	64362	109898519
15783188	15484	66586	109898103
16702278	15484	63635	109911671
16109698	15484	65129	109900729
16105203	15484	69306	109897085
16171181	15484	66818	109904701
15680441	15484	72722	109902825
16602853	15484	73805	109904981
15755817	15484	74054	109902716
16146123	15484	77133	109915171
17140410	15484	105809	109908493
19911790	15484	79235	109907381
27107063	15484	79235	109891319
27085719	15484	79235	109856323
27293744	15484	79235	109837891
16746934	15484	73999	109867212
16786274	15484	74727	109895604
17539340	15484	77994	109860668
16793660	15484	80699	109899138
17174807	15484	87084	109865965
20989841	15484	54812	109900859
22310062	15484	43246	109896153
17532564	15484	80617	109886690
17462298	15484	87095	109899717
17571996	15484	90875	109903689
18337460	15484	89611	109913264
20259953	15484	68543	109904377
20690720	15484	74436	109895152
25509237	15484	22682	109891820
27424682	15484	22682	109872189
27443774	15484	22682	109856262
27505286	15484	22682	109855499
22130654	15484	57635	109865315
24653325	15484	32593	109890741
27548748	15484	32593	109862940
25100401	15484	24788	109858963
26649757	15484	12899	109869986
24818740	15484	31718	109878118
24830467	15484	35438	109875850
22486134	15484	65920	109880492
19556507	15484	94440	109895237
19915957	15484	99330	109906207
19497531	15484	99269	109901987
19269286	15484	102087	109915073
21305537	15484	97517	109898938
22901490	15484	71819	109891177
18131038	15484	131958	109897045
17340664	15484	39486	109909187
21038683	15484	59879	109902163
21121339	15484	70772	109893885
21883570	15484	71193	109894329
20806236	15484	78683	109906763
22149646	15484	59999	109895806
22623873	15484	70724	109883518
22148443	15484	75899	109870527
20569032	15484	53739	109891341
21710981	15484	57909	109880484
21425374	15484	64996	109886854
22620192	15484	79198	109770339
21009470	15484	61174	109907508
21750997	15484	60607	109890333
20937879	15484	60530	109883875
22789116	15484	75050	109893998
21219972	15484	63369	109893970
20988354	15484	54352	109893243
20693046	15484	62579	109893023
22528558	15484	65223	109894861
20910553	15484	51561	109896235
21913420	15484	70346	109896078
21934651	15484	63881	109893958
21885919	15484	78962	109894257
20963478	15484	53885	109892742
23237235	15484	92100	109889473
20206570	15484	48579	109889943
22087808	15484	79034	109848341
21671627	15484	51555	109890629
22023682	15484	67192	109883068
20629097	15484	36241	109883467
22479079	15484	87697	109880924
21885275	15484	54847	109892341
21949563	15484	65716	109886821
19767940	15484	68753	94468888
20940157	15484	55459	109913091
22164994	15484	64678	109892767
22569804	15484	80813	109889608
21857484	15484	61195	109890529
22712413	15484	71160	109882882
22927523	15484	81804	109881297
21964367	15484	67352	109895401
23209536	15484	80608	109889234
23532728	15484	76458	109900828
23145606	15484	73556	109885145
23459003	15484	67664	109891436
24043312	15484	79882	109894277
23916913	15484	84966	109858880
23977885	15484	93090	109895778
23972513	15484	91240	109513915
23890459	15484	94718	109857543
23416231	15484	83581	109890217
23180378	15484	86953	109885681
24716310	15484	82610	109889841
24893898	15484	107034	109890299
24270673	15484	79261	109894292
25666301	15484	95417	109895874
25552997	15484	86468	109897053
26872740	15484	79538	110737014
68347541297	115207002	71395902	289033739312
