31588813	652421	364443	108472986
31391957	1327273	340283	109261101
85257848	2226656	838918	271069110
1196425201	32151388	12985006	3990215458
1196425201	61489	898898	29046375
28315110	1383257	440267	120650796
0	0	0	0
0	0	0	0
0	0	0	0
0	0	0	0
0	0	0	0
0	0	0	0
0	0	0	0
0	0	0	0
0	0	0	0
0	0	0	0
0	0	0	0
0	0	0	0
0	0	0	0
0	0	0	0
0	0	0	0
0	0	0	0
514412410	17316528	5988837	1850420250
514412410	612508	5988837	11002039
0	0	0	0
0	0	0	0
0	0	0	0
0	0	0	0
0	0	0	0
0	0	0	0
212601107	7217769	2526929	767779784
212601107	5817742	2526929	115808242
0	0	0	0
0	0	0	0
0	0	0	0
0	0	0	0
0	0	0	0
0	0	0	0
183518506	7047773	2157076	686563892
183518506	4640600	2157076	36925787
0	0	0	0
0	0	0	0
0	0	0	0
0	0	0	0
0	0	0	0
0	0	0	0
180648128	6913090	2129282	675807378
180648128	2412886	2129282	19146631
180648128	5188872	2129282	129998934
180648128	4772662	2129282	78744718
2588210126	107625671	29639647	10271266582
319024996	107625671	29639647	115771107
254370858	107625671	29639647	114493067
222319716	107625671	29639647	113932879
168087447	107625671	29639647	113281195
168087447	107625671	29639647	111478167
168087447	107625671	29639647	112077017
168087447	107625671	29639647	111964244
168087447	107625671	29639647	111678284
168087447	107625671	29639647	111466047
168087447	107625671	29639647	111198227
1072512	107625671	29639647	111158210
3255442	107625671	29639647	111032548
3255442	107625671	29639647	110914164
3255442	107625671	229903	110627358
3255442	107625671	1277039	109659406
3255442	107625671	2196421	110184750
3255442	107625671	2196421	110595194
3255442	107625671	2196421	110567367
3255442	107625671	2196421	110522125
1951648	107625671	2196421	110472590
5286186	107625671	2196421	110436424
5286186	107625671	2196421	110401472
7110976	107625671	2196421	110358423
11183962	107625671	2196421	110186165
21487530	107625671	2196421	110293536
21487530	107625671	2196421	110280292
21487530	107625671	2196421	110268794
21487530	107625671	2196421	110246012
21487530	107625671	2196421	110222349
21487530	107625671	2196421	110215685
21487530	107625671	2196421	110196076
21487530	107625671	2196421	110160814
21105976	107625671	2196421	110162226
21065585	107625671	2196421	110116649
9874673	107625671	2196421	110134820
7925448	107625671	2196421	110129727
8564268	107625671	2196421	110121359
9669589	107625671	2196421	110114830
17073341	107625671	2196421	109096842
18373073	107625671	2196421	109745056
18962943	107625671	2196421	110093454
16629383	107625671	2196421	110070971
18830000	107625671	2196421	110070610
19177848	107625671	2196421	110063630
19655381	107625671	2196421	110055518
21510125	107625671	2196421	110052367
24059944	107625671	2196421	110046129
27629960	107625671	2196421	110056323
27286314	107625671	2196421	110039816
28849002	107625671	2196421	110033430
32768540	107625671	2196421	110034358
5194013552	35931293	18190655	22639379388
