27187552	538218	330647	95281054
32860599	1295902	357325	109540275
67281051	1802622	642205	213006531
1196630368	32197463	12461037	3918283345
1196630368	1219641	1168998	57257748
1196630368	3297370	1168998	45600186
1196630368	3032009	1168998	38418150
1196630368	2743098	1168998	38216402
1196630368	2518734	1168998	37587430
1196630368	2372831	1168998	40890873
1196630368	2214762	1168998	40830853
1196630368	580101	1168998	12913761
34364175	1593689	1168998	112068211
34364175	1887036	1168998	38654773
14812033	1030423	1168998	44522390
14812033	1213241	1168998	29459730
14812033	1664604	1168998	37920641
1286305	221246	15655	10367335
0	0	0	0
0	0	0	0
0	0	0	0
133686629	5399774	978026	470413821
133686629	1161890	40969	45977941
133686629	1318357	25472	59309612
133686629	1292543	39105	61655550
133686629	1212506	58060	59892123
133686629	1206302	40744	64263788
47775425	1150446	48858	63570590
47775425	3863612	93851	61184797
47775425	3863612	95001	60964638
47775425	1098589	103875	62324688
47775425	1112065	81389	54075295
9065833	1032585	81389	41819823
9839552	1077532	8924	45364922
3749331	1014975	70780	46604119
4656105	422176	186015	77416847
5452952	434195	187338	77152749
1503188749	93231827	18318803	7192556954
0	0	0	0
0	0	0	0
0	0	0	0
0	0	0	0
0	0	0	0
0	0	0	0
142593240	8657629	1761601	683751620
447638052	17526743	3292522	1704360815
174839230	17526743	3292522	118443226
180739828	17526743	3292522	117297660
151752182	17526743	3292522	116853331
149138108	17526743	3292522	116238539
139896455	17526743	3292522	115669099
123001505	17526743	3292522	115275423
125005092	17526743	3292522	114787576
120187021	17526743	3292522	114419780
114036872	17526743	3292522	114178027
108962084	17526743	3292522	113819487
104775486	17526743	3292522	113550511
84358016	17526743	3292522	113354037
97020212	17526743	3292522	113081022
94521104	17526743	3292522	112969205
92257536	17526743	3292522	112738309
89024227	17526743	3292522	112601901
94723174	17526743	3292522	111073491
83631816	17526743	3292522	112310287
81349190	17526743	3292522	112146928
78815157	17526743	3292522	112004782
77642703	17526743	3292522	111961034
75579245	17526743	3292522	111798353
74135695	17526743	3292522	111776059
46914378	17526743	439940	111706753
73130740	17526743	439940	111617214
74365604	17526743	439940	111581767
74334602	17526743	439940	111569942
74664625	17526743	439940	111449614
72812250	17526743	439940	111421068
69159058	17526743	439940	111287862
69422951	17526743	439940	111315681
70356906	17526743	439940	111224634
69579040	17526743	439940	111185706
68069642	17526743	439940	111158210
66804760	17526743	439940	111110378
60175608	17526743	439940	111076778
65930488	17526743	439940	110975816
63795500	17526743	439940	110842479
63122884	17526743	439940	110405496
63345867	17526743	439940	110811125
60146285	17526743	439940	106569100
60059801	17526743	439940	107859069
62008445	17526743	439940	110863716
61150352	17526743	439940	110769168
60335730	17526743	439940	110797701
60031226	17526743	439940	110748377
59619465	17526743	439940	110783241
48965773	17526743	26020	110694560
51610385	17526743	26020	110698649
58748230	17526743	26020	110742839
58321529	17526743	26020	110656546
58487376	17526743	26020	110673496
55972153	17526743	26020	108843654
57383473	17526743	26020	110631687
57581322	17526743	26020	110597647
56793333	17526743	26020	110433986
55952303	17526743	26020	110442047
55271899	17526743	26020	110045412
55171239	17526743	26020	110398672
51238790	17526743	26020	106050887
54647446	17526743	26020	110376381
54611445	17526743	26020	109953410
55296249	17526743	26020	110358425
54519943	17526743	26020	109994982
54462153	17526743	26020	110385121
54156661	17526743	26020	110312777
107975855	17526743	26020	221063639
53617477	17526743	26020	110380472
53794040	17526743	26020	110393412
52905948	17526743	26020	110240318
52810117	17526743	26020	110276703
37174618	17526743	202533	109673999
41090465	17526743	158063	110297327
52939138	17526743	158063	109934026
51074629	17526743	158063	109372879
53384119	17526743	158063	110229891
50438340	27233	158063	108147087
52354225	27233	158063	110181538
48413157	53700	158063	106722876
52881931	53700	158063	110205401
52619684	53700	158063	110168315
52126482	53700	158063	110189339
51999680	53700	158063	110155033
52121229	53700	158063	110176183
52041622	53700	158063	110136059
52000653	53700	158063	110019955
51148601	53700	158063	109913344
51035650	53700	158063	110156607
51187308	53700	158063	110142922
50736468	53700	158063	110121455
42671661	53700	158063	95068746
44490099	53700	158063	107582640
49287971	53700	158063	106544901
50926199	5728	158063	110101922
50503319	5728	158063	110124888
50945583	5728	158063	110122148
50735362	469	158063	110094637
50808495	4556	158063	110041845
50584411	7848	158063	110083805
50386639	14896	158063	110102015
50242287	15956	158063	109980903
50340171	23796	158063	110094256
50084854	22558	158063	110066575
50140192	23226	158063	110092422
49747833	23969	158063	110035248
49514606	24502	158063	110088705
49240529	26738	158063	110082613
49416100	37348	158063	110056515
49754904	38502	158063	110072512
49611820	46522	158063	110049815
49013299	38483	158063	110061105
49282019	50061	158063	109984180
47821686	56415	158063	107162292
49587997	52166	158063	110022657
49613643	56190	158063	110054492
49360043	55079	158063	109996253
49447484	55677	158063	110050233
49300491	64450	158063	110015351
49510966	71010	158063	109971994
49428455	71165	158063	110037633
49338989	70555	158063	109995510
49420151	72124	158063	110034677
49088816	78189	158063	109958031
49055799	75744	158063	110030160
31297054	75744	351486	110047840
34654553	75744	383422	110055199
48348048	94904	383422	110054006
48971531	104570	383422	109969919
49009612	105979	383422	110019268
48905532	104115	383422	109967291
49038953	104305	383422	110014600
49095533	112448	383422	109963042
48867578	109906	383422	110011717
49159209	110952	383422	110008756
48982874	110102	383422	109963104
48803722	110887	383422	110006051
48854178	116746	383422	109958776
48794520	121265	383422	109971687
48590109	122556	383422	109951782
48592910	122501	383422	109998322
48754314	125131	383422	109946488
48654138	125229	383422	109996624
48775993	123648	383422	109945747
48787984	128015	383422	109993560
48874793	128720	383422	109990893
48663775	127871	383422	109950509
48639602	129837	383422	109985875
48342710	124895	383422	109946147
48336255	124000	383422	109987915
48395673	123052	383422	109936352
48256899	125738	383422	109982783
48206571	130649	383422	109932015
47965545	131095	383422	109981836
48154220	134010	383422	109933312
48229604	131584	383422	109978183
48251968	134180	383422	109986364
48183023	137002	383422	109930892
48034741	140498	383422	109917715
47951359	140451	383422	109929212
48012943	139766	383422	109974987
47741544	141204	383422	109923809
48140386	142311	383422	109969353
48054680	143349	383422	109922196
48001693	142698	383422	109967270
48054037	147343	383422	109939875
62546621	193984	383422	144262921
47675496	149200	383422	110088034
47808747	145440	383422	110091135
47738595	149563	383422	110113824
47799054	150072	383422	110060611
47819135	156631	383422	110095646
47777898	156981	383422	110054841
47741107	157056	383422	110089206
47641811	153463	383422	110052845
47812974	151978	383422	110086325
47627625	154895	383422	110048179
47664468	157353	383422	110103497
47514211	156704	383422	110028158
47520395	158334	383422	110063624
47515683	161294	383422	110085077
47109902	154160	383422	110050613
47196990	156887	383422	110076585
47235111	161311	383422	110021171
47234374	160631	383422	110077266
47089791	160950	383422	110054741
46991788	166678	383422	109852504
46758672	166853	383422	110057703
46821296	163962	383422	110070641
46933542	161688	383422	110076146
47036124	162883	383422	110041449
47207638	163249	383422	110078181
47134936	165938	383422	110039951
45306088	160835	383422	106494363
47235748	172697	383422	110051273
47058812	171319	383422	110070968
47129875	169585	383422	110064211
46940355	172486	383422	110038532
46883856	171505	383422	110033214
46867243	172713	383422	110045492
46983316	175476	383422	110063486
47035956	176388	383422	110041607
46823921	173495	383422	110073094
46832154	177327	383422	110036069
47026870	178831	383422	110059234
46994529	180492	383422	110057333
46886780	183624	383422	110093654
46855986	177941	383422	110056306
46831263	179919	383422	110025390
46974666	179115	383422	110055289
46847787	181412	383422	110035849
46836523	181854	383422	110074344
46760412	181253	383422	110021785
46959191	181788	383422	110056771
46810996	181183	383422	110048885
46684921	182872	383422	110028840
46838256	181475	383422	110050720
46751717	181642	383422	110021970
46796327	184702	383422	110001197
46660132	185781	383422	110045663
46757909	185362	383422	110062533
46753857	187881	383422	110008307
46697957	185359	383422	110060652
46674830	185067	383422	110068102
46502796	187100	383422	110024945
46642528	185610	383422	110055645
46503116	186910	383422	110030875
46678342	188223	383422	110068291
46531206	188893	383422	110022161
46548020	188227	383422	110055127
46638248	188906	383422	110050684
46444994	189640	383422	110029568
46599489	188174	383422	110048284
34249445	103513	405750	110024787
12898326	103513	928829	110053867
47056273	183845	928829	110069584
47168638	181255	928829	110006796
46844278	177509	928829	110052675
46909359	178653	928829	109995839
44746870	174639	928829	105893020
46621003	180697	928829	110050258
46672727	180015	928829	110052703
46652189	177216	928829	110049756
21402416954	167132158	19951368	53770814250
21402416954	167132158	829722	110230416
158895118	555343	670553	534618438
8589372	555343	670553	110231009
8682724	555343	670553	110229017
8872298	555343	670553	110212277
9177374	555343	670553	110219085
9370683	555343	670553	110211259
9580660	555343	670553	110206830
9794289	555343	670553	110205447
9913675	555343	670553	110210856
10057986	555343	670553	110204572
10223855	555343	670553	110211741
10397429	555343	670553	110207593
10588433	555343	670553	110210641
10669232	555343	670553	110151371
10866927	555343	670553	110213277
10974490	555343	670553	110205327
11178205	555343	670553	110200377
11309934	555343	670553	110192373
11488883	555343	670553	110193525
11625431	555343	670553	110187598
11815650	555343	670553	110187697
11946159	555343	670553	110220982
12079392	555343	670553	110221125
12320512	555343	670553	110190069
12466480	555343	670553	110191751
12598648	555343	670553	110186272
12737680	555343	670553	110189654
12854543	555343	670553	110184011
12927163	555343	670553	110185433
2424754827	16725553	2063693	6329594862
10389315	16725553	100803	110197859
10521062	16725553	119541	110203391
10839412	16725553	123994	110148350
11292503	16725553	124450	110189845
11282710	16725553	127313	110193137
11495014	16725553	125665	110193899
11573608	16725553	119072	110201209
11784961	16725553	120382	110202751
11879853	16725553	121643	110203873
12017834	16725553	122161	110191957
12145055	16725553	118645	110183015
12278943	16725553	119664	109898497
12480400	16725553	117557	110184981
12588482	16725553	116260	110180095
12816976	16725553	116210	110181088
12873440	16725553	115014	110175889
13145818	16725553	113626	110175844
12749817	16725553	111709	107805243
12987681	16725553	106395	110177625
1608089899	10368637	1454393	4300958758
4216992	10368637	1454393	110188687
3837209	10368637	1454393	110177844
3945642	10368637	1454393	110125065
4080235	10368637	1454393	110177650
4262705	10368637	1454393	110168861
4399425	10368637	1454393	110192275
4521511	10368637	1454393	110169516
4701894	10368637	1454393	110168101
5083647	10368637	1454393	110116972
5049924	10368637	1454393	110178133
5124882	10368637	1454393	110172503
5275354	10368637	1454393	110166717
5452238	10368637	1454393	110168525
5593526	10368637	1454393	110180903
5756035	10368637	1454393	110168651
5822741	10368637	1454393	110154812
5958513	10368637	1454393	110163336
6185513	10368637	1454393	110159122
6237171	10368637	1454393	110165806
6329741	10368637	1454393	110158188
6514960	10368637	1454393	110169917
6737200	10368637	1454393	110162833
6956025	10368637	1454393	110111255
7115532	10368637	1454393	110152774
7165394	10368637	1454393	110159009
7327827	10368637	1454393	110160891
6702528	10368637	1454393	110160350
3521050	10368637	1454393	110106327
4424428	10368637	1454393	109996877
4458629	10368637	1454393	110152590
4428154	10368637	1454393	110146153
8892043	10368637	1454393	110153123
8430097	10368637	1454393	110223927
8317791	10368637	1454393	110151362
8524441	10368637	1454393	110152574
8722342	10368637	1454393	110158896
8822065	10368637	1454393	110144738
8861775	10368637	1454393	110140266
9031260	10368637	1454393	110154497
9097905	10368637	1454393	110136536
8598067	10368637	1454393	110139514
5210171	10368637	1454393	110137954
6164034	10368637	1454393	110078740
10172326	10368637	1454393	110160091
9934465	10368637	1454393	110188287
10049155	10368637	1454393	110201079
10190413	10368637	1454393	110200677
7343302	10368637	1454393	110138249
9765259	10368637	1454393	110174506
10303414	10368637	1454393	110110845
10007018	10368637	1454393	110086416
11394643	10368637	1454393	110185608
10343695	10368637	29288	110186375
15685867	10368637	29288	110179482
20117157	10368637	29288	110191500
19678697	10368637	29288	110183089
19033968	10368637	29288	110180228
18831032	10368637	29288	110176914
20444970	10368637	29288	110180945
19512357	10368637	29288	110177331
19803608	10368637	29288	110161544
20668086	10368637	29288	110172271
15250748	10368637	29288	110122810
20007928	10368637	29288	110171813
21028771	10368637	29288	110167276
19821870	10368637	29288	110172123
20920896	10368637	29288	110173583
20554897	10368637	29288	110151894
18050010	10368637	29288	110173615
21298686	10368637	29288	110175219
20311716	10368637	29288	110171398
20481249	10368637	29288	110165940
21089774	10368637	29288	110164069
16911600	10368637	29288	110117983
15062806	10368637	10052	110171373
22327350	10368637	10052	110163346
21559288	10368637	10052	110158065
21912956	10368637	10052	110164762
19296116	10368637	10052	110178919
21406152	10368637	10052	110162329
21976032	10368637	10052	110166883
20969948	10368637	10052	110157423
21189224	10368637	10052	110095120
21236505	10368637	10052	110129083
19379180	10368637	10052	110156258
22086590	10368637	10052	110160894
20340328	10368637	10052	110147960
22147050	10368637	10052	110138438
21832403	10368637	10052	110155702
21592715	10368637	10052	110161245
20285799	10368637	10052	110150903
12876698	10368637	31827	110145586
14497526	10368637	11924	110102419
22679635	10368637	11924	110054397
22808452	10368637	11924	110146254
22184049	10368637	11924	110144254
20422820	10368637	11924	110149330
22993363	10368637	11924	110147633
22525987	10368637	11924	110140912
22439231	10368637	11924	110112196
19051308	10368637	11924	110088713
22796381	10368637	11924	110132478
22437590	10368637	11924	110101537
22700593	10368637	11924	110144763
21961164	10368637	11924	110171552
23604742	10368637	11924	110137337
22581374	10368637	11924	110143878
17287008	10368637	11924	110115870
21976042	10368637	11924	110200954
22079410	10368637	11924	110130616
23187611	10368637	11924	110125161
23528792	10368637	11924	110135043
22666479	10368637	11924	110089802
20113055	10368637	11924	110129114
21145492	10368637	11924	110140960
23552936	10368637	11924	110147656
23003623	10368637	11924	110148882
23285249	10368637	11924	110131827
23302328	10368637	11924	110086845
21429374	10368637	11924	110110253
23410935	10368637	11924	110123056
23652817	10368637	11924	110127816
23589312	10368637	11924	110096685
23703591	10368637	11924	110133187
16915627	10368637	11924	110130944
15939190	10368637	11924	110137096
15344668	10368637	11924	110145883
16571390	10368637	3134	110103902
15878924	10368637	43984	110144210
16577269	10368637	32512	110147650
25357292	10368637	32512	110140384
24218568	10368637	32512	110080602
22897500	10368637	32512	110112215
24870836	10368637	32512	110102971
24704591	10368637	32512	110033709
22858550	10368637	32512	110060612
23395783	10368637	32512	110118618
24158498	10368637	32512	110117811
22772483	10368637	32512	110120189
24476125	10368637	32512	110132333
24347482	10368637	32512	110142173
24865996	10368637	32512	110130668
22664374	10368637	32512	110090039
25059285	10368637	32512	110127391
23638671	10368637	32512	110134890
24970470	10368637	32512	110126307
24913423	10368637	32512	110118451
23732396	10368637	32512	110100569
17252835	10368637	24894	110149635
24650413	10368637	24894	110131330
24431685	10368637	24894	110129221
24811196	10368637	24894	110199341
24077180	10368637	24894	110112290
23980844	10368637	24894	110100097
24811765	10368637	24894	110123754
24315907	10368637	24894	110129612
24981992	10368637	24894	110123241
25313853	10368637	24894	110116297
20534495	10368637	24894	110125989
25341159	10368637	24894	110118657
25264363	10368637	24894	110131958
24652822	10368637	24894	110141874
25405417	10368637	24894	110105494
24238066	10368637	24894	110124815
24380734	10368637	24894	110118770
25242840	10368637	24894	110134912
25703622	10368637	24894	110121845
17655938	10368637	2213	110062463
17794441	10368637	38541	109996891
22731605	10368637	38541	110068698
26043103	10368637	38541	110124918
25677624	10368637	38541	110110352
25460900	10368637	38541	110094293
25301112	10368637	38541	110127561
20481140	10368637	38541	110127144
26654783	10368637	38541	110111754
26271956	10368637	38541	110120065
25502324	10368637	38541	110123515
26079531	10368637	38541	110115624
26810017	10368637	38541	110118626
23691637	10368637	38541	110114320
25831032	10368637	38541	110119294
26446373	10368637	38541	110083741
25456159	10368637	38541	110084926
26605370	10368637	38541	110054045
25322904	10368637	38541	110040532
18703624	10368637	38947	110042018
23157529	10368637	38947	110050877
26787915	10368637	38947	110124995
25155062	10368637	38947	110111319
26754192	10368637	38947	110097731
26320123	10368637	38947	110106946
25441049	10368637	38947	110126036
25330096	10368637	38947	110117911
26671810	10368637	38947	110113883
26911707	10368637	38947	110102653
25810304	10368637	38947	110082343
27250069	10368637	38947	110098835
25365046	10368637	38947	110105000
23223169	10368637	38947	110115836
26962817	10368637	38947	110102325
27424495	10368637	38947	110109836
26247997	10368637	38947	110085918
26874219	10368637	38947	110103572
23970201	10368637	38947	110089610
27364339	10368637	38947	110102778
27071793	10368637	38947	110110027
27348903	10368637	38947	110084389
25968692	10368637	38947	110102871
27103800	10368637	38947	110119323
27333126	10368637	38947	110104038
20449401	10368637	38947	110105616
19908439	10368637	38947	110109775
19996128	10368637	38947	110107065
19988349	10368637	38947	110085029
20024850	10368637	38947	110063156
18860637	10368637	38947	110052320
18386778	10368637	38947	110044029
19066617	10368637	38947	110075082
19360807	10368637	38947	110101998
18247851	10368637	59486	110105102
20774073	10368637	59486	110112948
20371023	10368637	31139	110058600
23432495	10368637	9577	110106272
27952588	10368637	9577	110119775
27598634	10368637	9577	110104917
27789051	10368637	9577	110089492
27453460	10368637	9577	110033950
25893510	10368637	9577	110103038
27739613	10368637	9577	110099027
27417125	10368637	9577	110104438
27605317	10368637	9577	110114623
22991968	10368637	9577	110105429
27942932	10368637	9577	110108774
27447998	10368637	9577	110098402
27249062	10368637	9577	110110411
27999292	10368637	9577	110100357
25717359	10368637	9577	110113552
28031990	10368637	9577	110115797
26907129	10368637	9577	110114869
27860306	10368637	9577	110106811
27376543	10368637	9577	110108260
26987350	10368637	9577	110062842
20887808	10368637	15082	110006812
25172590	10368637	15082	109993050
28295655	10368637	15082	110095176
26389728	10368637	15082	110104334
28137818	10368637	15082	110081561
27738405	10368637	15082	110106285
27317834	10368637	15082	110089551
25794582	10368637	15082	110105048
28286559	10368637	15082	110110831
27983971	10368637	15082	110097670
27177516	10368637	15082	110096642
27922479	10368637	15082	110100331
27766134	10368637	15082	110052144
28182317	10368637	15082	109995758
24607466	10368637	253	110091627
28202320	10368637	253	110096688
27743427	10368637	253	110095621
28552471	10368637	253	110095755
26431972	10368637	253	110092327
29025304	10368637	253	110064320
28686665	10368637	253	110096454
28463498	10368637	253	110108956
29249352	10368637	253	110096006
22608022	10368637	253	110086656
20385791	10368637	37226	110036071
21599016	10368637	20773	110089302
22281134	10368637	1514	110093635
28555131	10368637	1514	110088729
27816020	10368637	1514	110026624
28416485	10368637	1514	110099651
27873790	10368637	1514	110170950
28156715	10368637	1514	110113219
28595749	10368637	1514	110100422
24619202	10368637	1514	110082432
29448018	10368637	1514	110061650
28391286	10368637	1514	110026792
28149724	10368637	1514	110096419
28583098	10368637	1514	110090590
27821761	10368637	1514	110056123
28337833	10368637	1514	110075935
28418182	10368637	1514	110086545
23149234	10368637	4003	110098285
27978039	10368637	4003	110090423
28707745	10368637	4003	110075602
28442687	10368637	4003	110007619
27893800	10368637	4003	110065917
28164426	10368637	4003	110092359
28538833	10368637	4003	110084264
28901849	10368637	4003	110085234
25510994	10368637	4003	110079268
28629786	10368637	4003	110106454
28821704	10368637	4003	110092911
28781194	10368637	4003	110083498
28205261	10368637	4003	110083392
28803502	10368637	4003	110079172
22593145	10368637	30270	110060764
28443505	10368637	30270	110081373
28917769	10368637	30270	110019786
27991869	10368637	30270	110066293
28696040	10368637	30270	110063648
29074315	10368637	30270	110083807
25505674	10368637	10971	110085641
28459612	10368637	10971	109887478
29146212	10368637	10971	110068593
28297688	10368637	10971	110052562
29392699	10368637	10971	110071628
26460254	10368637	10971	110058033
29280331	10368637	10971	110072601
28704955	10368637	10971	110077058
28259648	10368637	10971	110083286
29308910	10368637	10971	110075748
28808656	10368637	10971	110079222
23031397	10368637	4472	109988131
21843886	10368637	5167	110084172
21496058	10368637	12990	110062233
21119898	10368637	49719	110092405
23162848	10368637	1798	110093386
22302545	10368637	34605	110093001
22656020	10368637	25010	110042701
23622107	10368637	4962	110101973
29467505	10368637	4962	110100246
29555469	10368637	4962	110091413
29729257	10368637	4962	110094914
28710092	10368637	4962	110101868
28993294	10368637	4962	110062613
29410504	10368637	4962	109762964
27923236	10368637	4962	110074349
29190526	10368637	4962	110084235
29192091	10368637	4962	110054130
25502050	10368637	4962	110016840
33084394	10368637	4962	124331006
28792064	10368637	4962	110100873
29267162	10368637	4962	110055435
28464952	10368637	4962	110040259
29057804	10368637	4962	110040291
29395422	10368637	4962	110034422
24679297	10368637	5002	110037911
28334563	10368637	5002	110041792
29685998	10368637	5002	110011065
29098745	10368637	5002	110038592
29521981	10368637	5002	110042316
28561207	10368637	5002	110045209
29321468	10368637	5002	110033240
27438774	10368637	5002	110004937
29144583	10368637	5002	110039477
29397061	10368637	5002	110034878
28533611	10368637	5002	110042092
29418542	10368637	5002	110049099
29665803	10368637	5002	110038947
23096615	10368637	18927	110034180
25456551	10368637	311	110044031
29762481	10368637	311	110038297
28710224	10368637	311	110053350
29942561	10368637	311	110042307
29544221	10368637	311	110046720
27437549	10368637	311	110054193
29539713	10368637	311	110041212
29566864	10368637	311	110039563
29055754	10368637	311	109989959
29346214	10368637	311	110036129
25194652	10368637	3169	110040806
30170576	10368637	3169	110035834
29683328	10368637	3169	110039908
28153306	10368637	3169	110015409
28341015	10368637	3169	110043717
29843259	10368637	3169	110050513
29556450	10368637	3169	110045326
29405004	10368637	3169	110041420
28359760	10368637	3169	110040438
29380059	10368637	3169	110031013
28667759	10368637	3169	110040042
29891610	10368637	3169	110045969
29496421	10368637	3169	110053533
28604224	10368637	3169	110035213
22546764	10368637	27226	110025244
23831998	10368637	18000	110024786
30184845	10368637	18000	110026752
29843570	10368637	18000	110023631
29431101	10368637	18000	110009140
29707951	10368637	18000	110044887
27523623	10368637	18000	110036955
28937891	10368637	18000	110036429
29612117	10368637	18000	110018224
29798979	10368637	18000	109997485
27770082	10368637	18000	110030240
29791243	10368637	18000	110023210
30074836	10368637	18000	110029712
29095080	10368637	18000	110042337
29777908	10368637	18000	110026012
27913583	10368637	18000	110031470
23625390	10368637	27353	110044569
28814672	10368637	27353	110036263
29852861	10368637	27353	110033564
29205028	10368637	27353	110107108
30100229	10368637	27353	110028853
29888981	10368637	27353	110045653
27397727	10368637	27353	110025105
30162071	10368637	27353	110024661
29849873	10368637	27353	109971205
28484626	10368637	27353	110022018
30310568	10368637	27353	110085416
29622953	10368637	27353	110070024
30106454	10368637	27353	110058148
28840958	10368637	27353	110055658
29075268	10368637	27353	110066368
29903775	10368637	27353	110055330
29427552	10368637	27353	110073356
29629553	10368637	27353	110070676
30052808	10368637	27353	110075406
30301497	10368637	27353	110058716
24240184	10368637	27353	110073713
24136135	10368637	27353	110073677
24159563	10368637	27353	110076965
24190238	10368637	27353	110131581
24179775	10368637	27353	110073834
24169714	10368637	27353	110080336
24175626	10368637	27353	110084497
24253500	10368637	27353	110089553
24181962	10368637	27353	110020086
24260259	10368637	27353	110030977
23447603	10368637	27353	110030487
21940660	10368637	595	110076877
22736341	10368637	595	110063452
25000421	10368637	595	110028457
24821091	10368637	595	110081500
24480108	10368637	595	110075010
24506346	10368637	595	110080026
24403577	10368637	595	110072459
22961726	10368637	2179	110075239
23799557	10368637	9369	110060938
23678020	10368637	13255	110064168
22529912	10368637	62062	110079796
24363022	10368637	16869	110068995
24172568	10368637	33948	110069970
24681610	10368637	23494	110079363
25109138	10368637	4859	110069929
31619086	10368637	4859	110058507
30142924	10368637	4859	110025855
30608827	10368637	4859	109954162
29209747	10368637	4859	110070572
30754825	10368637	4859	110059956
30083390	10368637	4859	110058689
30551435	10368637	4859	110065650
28855461	10368637	4859	110043626
30007519	10368637	4859	110056574
30239768	10368637	4859	110058273
30834467	10368637	4859	110049468
29539484	10368637	4859	110012235
30906068	10368637	4859	110052046
30479107	10368637	4859	110021730
30757983	10368637	4859	110014751
28637137	10368637	4859	110052742
28893785	10368637	4859	110066312
30820317	10368637	4859	110079168
30108841	10368637	4859	110079218
31208794	10368637	4859	110083690
30798695	10368637	4859	110030276
27876235	10368637	4859	110006856
30662278	10368637	4859	110024189
31139301	10368637	4859	110064206
30632820	10368637	4859	110019039
30452731	10368637	4859	109887040
30634915	10368637	4859	109960622
28498538	10368637	4859	110036817
25848235	10368637	19363	110070001
31415537	10368637	19363	110054694
30673163	10368637	19363	110022391
30622368	10368637	19363	110053199
29766003	10368637	19363	110071992
30921358	10368637	19363	110015639
30632795	10368637	19363	110069102
30746423	10368637	19363	110061713
27596710	10368637	9720	110067044
30467745	10368637	9720	110090624
30359113	10368637	9720	110074153
30304868	10368637	9720	110064657
30715794	10368637	9720	110069510
28907318	10368637	9720	110068491
30886739	10368637	9720	110012065
30539452	10368637	9720	110028028
30579109	10368637	9720	110060977
30871247	10368637	9720	110068011
27033793	10368637	6550	110076269
24136494	10368637	49136	110048813
25058326	10368637	31853	110071036
27144042	10368637	11771	110063196
31448386	10368637	11771	110063065
30791416	10368637	11771	110100456
31000466	10368637	11771	110083401
29677366	10368637	11771	110030209
31060795	10368637	11771	110007521
30704065	10368637	11771	110030189
31038470	10368637	11771	110004280
27771848	10368637	2584	110022798
31119988	10368637	2584	110012654
30611373	10368637	2584	110020959
30769693	10368637	2584	110008877
30998073	10368637	2584	110019061
30278647	10368637	2584	109960227
30735722	10368637	2584	110020555
29725441	10368637	2584	110016773
31033369	10368637	2584	110035942
30680844	10368637	2584	110014031
31101010	10368637	2584	109988356
25269143	10368637	36478	110011995
28757441	10368637	2647	110018574
30656755	10368637	2647	110004336
30777533	10368637	2647	110015231
30547352	10368637	2647	110026228
30709510	10368637	2647	110008574
29726928	10368637	2647	110003075
30967368	10368637	2647	110013101
30624984	10368637	2647	110008851
30044353	10368637	2647	110017828
29317326	10368637	2647	110006391
30618680	10368637	2647	110013362
31145714	10368637	2647	110076042
29874109	10368637	2647	110021798
31054941	10368637	2647	109957258
30625307	10368637	2647	110011069
30889401	10368637	2647	110006419
27821159	10368637	2980	110023631
24787702	10368637	13197	110026362
24754309	10368637	12917	109997966
23349467	10368637	67401	110023971
24952203	10368637	28512	110035773
27501294	10368637	5568	110012778
31382291	10368637	5568	110019938
30942267	10368637	5568	110011209
30297595	10368637	5568	110021426
30948681	10368637	5568	110010050
30029914	10368637	5568	110020518
31224971	10368637	5568	110010368
30722244	10368637	5568	110011840
31039999	10368637	5568	110007914
29230098	10368637	5568	110020723
25341226	10368637	23798	110009878
28280447	10368637	23798	110029874
31060789	10368637	23798	109980164
31250173	10368637	23798	110021486
30950948	10368637	23798	110011735
30256763	10368637	23798	110036624
31303633	10368637	23798	110010172
31066433	10368637	23798	109987702
29793756	10368637	23798	110009985
31408898	10368637	23798	110026417
30895912	10368637	23798	110013785
31438800	10368637	23798	110019816
31174292	10368637	23798	110009391
27669793	10368637	8736	110013914
30832307	10368637	8736	110023165
31275705	10368637	8736	110019839
30801166	10368637	8736	110021183
31308498	10368637	8736	110027767
31564252	10368637	8736	110014361
28789348	10368637	8736	110021230
31333408	10368637	8736	110010440
31245638	10368637	8736	110033007
30954494	10368637	8736	109967520
30789166	10368637	8736	110016083
31219857	10368637	8736	110016463
31649959	10368637	8736	110011442
25948131	10368637	13869	110014631
24142328	10368637	49535	109982836
25473783	10368637	43475	110008028
27703166	10368637	15737	110027289
31603772	10368637	15737	110049718
31179278	10368637	15737	110032594
30626834	10368637	15737	110017095
31369943	10368637	15737	110022360
28908614	10368637	1071	110014258
30999438	10368637	1071	110021861
31496733	10368637	1071	110012953
30529703	10368637	1071	110021827
31212111	10368637	1071	110045578
31562799	10368637	1071	110021480
30945113	10368637	1071	110016150
29858234	10368637	1071	110021479
29430858	10368637	4550	109966415
31806467	10368637	4550	110015222
30546082	10368637	4550	110017111
31777741	10368637	4550	110025717
31331171	10368637	4550	110028565
30145517	10368637	4550	109984518
31400558	10368637	4550	110012017
31817310	10368637	4550	110017825
31208295	10368637	4550	110012660
29080232	10368637	4550	110018258
25343677	10368637	34452	110016954
26143264	10368637	33364	110023512
31921550	10368637	33364	110014032
30968365	10368637	33364	110027473
31154471	10368637	33364	110011655
31851317	10368637	33364	110023879
30199391	10368637	33364	110028404
31530478	10368637	33364	110027293
30591970	10368637	33364	110017223
31436408	10368637	33364	110021048
31416022	10368637	33364	109973853
29151846	10368637	246	110040323
31732615	10368637	246	110480785
31652424	10368637	246	110018585
30241112	10368637	246	110013687
31618274	10368637	246	109983819
31604945	10368637	246	110009871
31092641	10368637	246	110028316
31615735	10368637	246	110004982
27420185	10368637	4011	110016787
31646024	10368637	4011	110019829
31740428	10368637	4011	110031331
30586818	10368637	4011	110016308
31468801	10368637	4011	110018545
31603133	10368637	4011	110011871
31250506	10368637	4011	110036155
31587634	10368637	4011	110011539
31009447	10368637	4011	110018865
31598549	10368637	4011	110009556
31037872	10368637	4011	109971070
26319943	10368637	4011	110009032
26341815	10368637	4011	110016437
26354985	10368637	4011	110016104
26301414	10368637	4011	110030993
26354463	10368637	4011	110006416
24424039	10368637	2940	109821811
25865978	10368637	2940	110008702
26623837	10368637	2940	110018172
26583919	10368637	2940	110006588
25450030	10368637	6468	110010896
26354031	10368637	15061	110004874
25399734	10368637	43890	110017579
26249263	10368637	36343	110022734
28276005	10368637	18188	110011015
31883105	10368637	18188	110014900
31711446	10368637	18188	110030642
31847379	10368637	18188	110014140
30074551	10368637	18188	110015791
31493899	10368637	18188	110009599
31802493	10368637	18188	109978979
31441393	10368637	18188	110016109
29176583	10368637	6007	110088276
32152577	10368637	6007	110012588
31926483	10368637	6007	110017227
31878736	10368637	6007	110006190
31371975	10368637	6007	109982423
31651675	10368637	6007	110017435
31751089	10368637	6007	110025929
27788927	10368637	14375	110012005
31976600	10368637	14375	109982034
31960324	10368637	14375	110005135
31087685	10368637	14375	110011045
31679309	10368637	14375	110008752
29667280	10368637	14375	110012329
31965176	10368637	14375	110003560
31191761	10368637	14375	110019539
31817532	10368637	14375	110034449
31367790	10368637	14375	110017599
31791455	10368637	14375	110011518
26415881	10368637	27687	109969503
29846359	10368637	5067	110010498
31944750	10368637	5067	110013596
31022483	10368637	5067	110010660
31746416	10368637	5067	109992908
31004120	10368637	5067	110019282
31415931	10368637	5067	109976741
31987334	10368637	5067	110005084
31480398	10368637	5067	110014237
30012168	10368637	5067	110011999
29521590	10368637	3520	110013520
31943235	10368637	3520	110006085
31998303	10368637	3520	110012680
31237670	10368637	3520	110008249
31734106	10368637	3520	110030901
32053093	10368637	3520	110012174
29944537	10368637	3520	110012845
32041688	10368637	3520	109995837
31537095	10368637	3520	110023969
31242924	10368637	3520	110014129
31708243	10368637	3520	109979522
31897069	10368637	3520	110008414
28340936	10368637	9516	110009997
25319573	10368637	41844	110007640
27017876	10368637	32633	110009741
31630188	10368637	32633	110000434
31812649	10368637	32633	109947858
31005090	10368637	32633	109999098
31876137	10368637	32633	110006079
31820525	10368637	32633	110009045
31173223	10368637	32633	110045382
28464374	10368637	11979	110011432
32446265	10368637	11979	110008233
31844749	10368637	11979	110004581
31332655	10368637	11979	110010021
32158744	10368637	11979	110004768
29934589	10368637	617	110010236
32345270	10368637	617	110006967
32102871	10368637	617	110010853
31474687	10368637	617	110018602
31819408	10368637	617	109974668
31825036	10368637	617	110022647
28959105	10368637	6987	110013348
26385933	10368637	44299	110010319
30529076	10368637	44299	110014489
31817756	10368637	44299	110006603
32189850	10368637	44299	109982083
31331212	10368637	44299	110007593
32335968	10368637	44299	110005920
31905474	10368637	44299	110004235
30590210	10368637	44299	110023609
32316396	10368637	44299	110035050
30939255	10368637	44299	110021508
32067524	10368637	44299	110010290
31753532	10368637	44299	110024530
31891131	10368637	44299	110009868
29794193	10368637	4017	110010344
29241672	10368637	15630	110007973
32128260	10368637	15630	110009709
31994472	10368637	15630	110008032
31059880	10368637	15630	109959905
31998456	10368637	15630	110007702
31814767	10368637	15630	110057999
31057403	10368637	15630	110062721
31497457	10368637	15630	110045234
32372001	10368637	15630	110053811
31046706	10368637	15630	110018667
32107546	10368637	15630	110024127
32054186	10368637	15630	110040524
31950582	10368637	15630	110035241
30633280	10368637	15630	109956467
26829368	10368637	15630	110071112
26819137	10368637	15630	110059103
26372301	10368637	1623	110047765
27514330	10368637	1623	110077860
28283183	10368637	16925	110059012
32598548	10368637	16925	110053395
32072728	10368637	16925	110019322
31217394	10368637	16925	110042211
32210088	10368637	16925	110050089
32085420	10368637	16925	110016140
31184914	10368637	16925	110011447
31842107	10368637	16925	109948136
32034364	10368637	16925	110055928
32196705	10368637	16925	110072861
31999842	10368637	16925	110055677
27082142	10368637	14810	110055514
29825010	10368637	4388	110046786
31984616	10368637	4388	110052727
32249907	10368637	4388	110062656
31736873	10368637	4388	110057451
32200605	10368637	4388	110047087
30869501	10368637	4388	110081942
32001174	10368637	4388	110054931
31575919	10368637	4388	110057546
32141923	10368637	4388	110054609
32429729	10368637	4388	110058053
28730152	10368637	15177	110057231
32530496	10368637	15177	110063458
31981808	10368637	15177	110064779
32406193	10368637	15177	110023793
30357421	10368637	9864	110052190
32045340	10368637	9864	110050567
32092714	10368637	9864	110050568
32092006	10368637	9864	110085744
32548053	10368637	9864	109982875
31224655	10368637	9864	109968166
31616353	10368637	9864	110061767
32379302	10368637	9864	110045864
32094989	10368637	9864	110027591
29385931	10368637	9864	110007394
27109924	10368637	9864	110028810
27300355	10368637	20179	110035174
29517872	10368637	14391	110048875
32620100	10368637	14391	110061125
32317885	10368637	14391	110047811
32511613	10368637	14391	110054562
30612250	10368637	1773	110053645
32155062	10368637	1773	110057633
31122613	10368637	1773	110066304
32296780	10368637	1773	110001580
31650712	10368637	1773	109908341
32200102	10368637	1773	110041066
30208681	10368637	9818	110058038
30830112	10368637	9818	110057788
32188334	10368637	9818	110039272
31213185	10368637	9818	110054675
32455879	10368637	9818	110053901
32028854	10368637	9818	110058897
32328265	10368637	9818	110062275
31017495	10368637	9818	110044208
32163091	10368637	9818	110024662
31746092	10368637	9818	110043296
32305820	10368637	9818	110053289
30831509	10368637	9818	110055525
27229783	10368637	23748	110006126
29600580	10368637	12552	109845950
32440333	10368637	12552	109994501
32492310	10368637	12552	110062520
31659694	10368637	12552	110060204
32591222	10368637	12552	110024928
31895425	10368637	12552	110060799
31351659	10368637	12552	110061539
31867577	10368637	12552	110047936
32070511	10368637	12552	110060399
31669906	10368637	12552	110032998
32412972	10368637	12552	110049406
32100688	10368637	12552	109998775
28734177	10368637	19865	109942249
31326541	10368637	19865	110034889
32254675	10368637	19865	110044390
31163063	10368637	19865	110035715
32132167	10368637	19865	110064791
32176598	10368637	19865	110058145
32362999	10368637	19865	110048953
29125667	10368637	9544	110045641
32498633	10368637	9544	110046939
32112984	10368637	9544	110047183
31701457	10368637	9544	110064003
32209153	10368637	9544	110062536
31428181	10368637	9544	110025775
31593437	10368637	9544	110058553
32387579	10368637	9544	110050524
32243826	10368637	9544	110045420
57946118263	160101632	23156036	181582505171
15993825	121409	23156036	110033384
15896878	140354	23156036	110076385
15879150	124611	23156036	110069897
15919141	135601	23156036	110077715
15954999	122154	23156036	110092344
16002853	133133	23156036	110082620
15443684	121241	23156036	110054760
14199126	41217	23156036	110022938
13970497	14719	23156036	110016696
14088672	10941	23156036	110091126
13707233	10941	23156036	110090297
13422951	10941	23156036	110085028
14480810	29184	23156036	110087336
13165551	29184	23156036	110089224
14415739	6611	23156036	110087778
13253629	6611	23156036	110047556
13320721	6611	23156036	110069202
14390044	32594	23156036	110082592
13216252	32594	23156036	110091933
14736879	29878	23156036	110091645
13562377	29878	23156036	110070751
14668266	24541	23156036	110085414
13762095	24541	23156036	110092500
14557305	22442	23156036	110092413
14907637	33734	23156036	110085452
14019916	33734	23156036	110089534
14958709	34245	23156036	110086542
14329043	34245	23156036	110025476
14577597	21382	23156036	109987745
15027272	25129	23156036	110089713
14148219	25129	23156036	110106354
14987052	33816	23156036	110081127
14146915	33816	23156036	110087253
15008752	32936	23156036	110089207
14185746	32936	23156036	110095127
15059381	19937	23156036	110053278
14112647	19937	23156036	110087546
15054658	38053	23156036	110091978
14079132	38053	23156036	110091481
15125818	41340	23156036	110086966
14155709	41340	23156036	109986919
15116059	36337	23156036	110013805
14309551	36337	23156036	110080911
14726430	2447	23156036	110092983
14792361	11566	23156036	110075476
14282747	11566	23156036	110098074
15242253	23224	23156036	110086465
14337487	23224	23156036	110082983
15243790	31888	23156036	110097279
14417498	31888	23156036	110089857
15395749	32047	23156036	110083039
14321893	32047	23156036	110109230
15055162	32047	23156036	110031473
14911415	15014	23156036	109975572
14540481	15014	23156036	110072052
15478187	29286	23156036	110071798
14635254	29286	23156036	110098840
15516126	29718	23156036	110078706
14667164	29718	23156036	110081204
15644157	26457	23156036	110060130
14641661	26457	23156036	110068298
15623271	38075	23156036	110083231
14611759	38075	23156036	110126902
15426447	19122	23156036	110088080
15095312	19122	23156036	110069963
14787639	19122	23156036	110037218
15811334	24976	23156036	110059980
14748039	24976	23156036	110026604
15747359	29217	23156036	110037619
14958687	29217	23156036	110036278
14789680	29217	23156036	110042148
15878760	37631	23156036	110033088
14961793	37631	23156036	110043503
15857144	41207	23156036	110040456
14898489	41207	23156036	110077379
15124822	41207	23156036	109993550
15543949	17531	23156036	110040571
15063944	17531	23156036	110032395
15939681	39143	23156036	110048302
15010566	39143	23156036	110035170
15166666	39143	23156036	109997684
15751586	26669	23156036	110029295
15078404	26669	23156036	110052619
15977008	41514	23156036	110027058
15324808	41514	23156036	110049251
15361197	41514	23156036	110063014
15529319	7771	23156036	110062460
15056739	7771	23156036	110038092
16066255	28035	23156036	110040132
15143361	28035	23156036	110029852
15146217	28035	23156036	110043634
16143434	31614	23156036	110026560
15148915	31614	23156036	110033379
15248614	31614	23156036	110022298
16071567	24424	23156036	110034629
15296233	24424	23156036	109974370
16078336	24424	23156036	110062334
15453589	24424	23156036	110041474
15106489	24424	23156036	110018048
16314919	29387	23156036	110032959
15410565	2233	23156036	109986221
16333309	21031	23156036	110025791
15398428	21031	23156036	110031527
15516056	21031	23156036	110026601
16287389	32212	23156036	110037462
15323308	32212	23156036	110043726
16405666	36028	23156036	110091793
15421355	4675	23156036	110058696
16439659	41190	23156036	110052721
15711580	26857	23156036	110034265
16196561	58584	23156036	110042322
16275104	38511	23156036	110032428
15678467	32479	23156036	110041285
16390344	31962	23156036	110031942
15614286	23758	23156036	110041364
16304038	32986	23156036	109975490
15537496	23186	23156036	110033034
16870145	152971	23156036	110039140
16640777	14176	23156036	110080856
16690168	106761	23156036	110071232
15877280	16013	23156036	110039555
15732745	19979	23156036	110071236
16368275	17274	23156036	110127844
15576967	15076	23156036	110070558
16627891	34771	23156036	110044222
15574168	4875	23156036	110032157
16690473	32086	23156036	110045532
15795492	4099	23156036	110029484
16692824	47303	23156036	110057202
15792395	47303	23156036	110077571
16013870	7196	23156036	110052341
16647316	11645	23156036	110033756
15959658	11569	23156036	110044844
16774775	28504	23156036	110034950
15810415	28504	23156036	110044404
16426607	6971	23156036	109976712
16407126	12564	23156036	110029680
15840007	12564	23156036	110047566
17004553	36799	23156036	110037874
16047315	36799	23156036	110016205
17054399	44178	23156036	109998179
16114631	5821	23156036	110062364
16946120	33247	23156036	110058954
16194610	1741	23156036	110035607
16558874	12144	23156036	110035506
16694019	22463	23156036	110038215
16340681	2406	23156036	110033386
17010548	36560	23156036	110022852
16116262	36560	23156036	110029817
17326659	38212	23156036	110029063
16171026	38212	23156036	110033630
17243652	31431	23156036	110049331
16253064	31431	23156036	110077002
17247380	38929	23156036	110065300
16393776	38929	23156036	110047510
17251778	33880	23156036	109971367
16561646	33880	23156036	110056436
16606283	33880	23156036	110032098
17259945	27429	23156036	110025475
16441655	27429	23156036	110022797
17499399	42005	23156036	109974626
16464014	42005	23156036	110020771
17560376	49163	23156036	110056779
16614393	49163	23156036	110054234
17515545	36592	23156036	110054152
16856196	36592	23156036	110039889
16805164	7270	23156036	110049590
17459805	27116	23156036	110032990
16622233	1431	23156036	110034273
17611009	37921	23156036	110041139
16771783	3320	23156036	110031852
17520436	31162	23156036	110024677
16830717	31162	23156036	110036024
16711957	31162	23156036	110025985
17760978	39332	23156036	109987896
16710875	39332	23156036	110027229
16759610	39332	23156036	110071374
17789138	39701	23156036	110076240
16833472	39701	23156036	110069407
17661528	29099	23156036	110074219
16812737	29099	23156036	110042954
17184131	253	23156036	110146807
17383424	13377	23156036	110070447
17062361	4488	23156036	110045016
17652033	28269	23156036	110037905
17067886	6481	23156036	110002366
17709993	33764	23156036	109980479
17213660	10068	23156036	110013212
17823406	26157	23156036	110074051
16939080	26157	23156036	110082824
18066278	50431	23156036	110073071
16858909	50431	23156036	110069142
17874765	32019	23156036	110034147
17177792	32019	23156036	110085098
17671216	28513	23156036	110055341
17705036	20377	23156036	110060631
17660605	21779	23156036	110073458
17825661	28560	23156036	110080505
17053089	28560	23156036	110077722
18255236	40579	23156036	110056028
17083729	4133	23156036	110009816
18267576	36979	23156036	110029248
17185375	1954	23156036	110032304
17123832	1954	23156036	109980729
18271631	55245	23156036	109977560
17098415	22853	23156036	109969821
18179289	32108	23156036	109971999
17234132	27818	23156036	109970142
17779676	33435	23156036	109977767
17713758	15790	23156036	109878771
17227403	30859	23156036	109975397
18204048	32893	23156036	109969831
17349861	46804	23156036	109973444
18147447	33807	23156036	109971915
17295028	22360	23156036	109919426
18265203	61885	23156036	109967363
17324064	46269	23156036	109967341
17900321	27652	23156036	109974432
17556099	19014	23156036	109973014
17379027	26939	23156036	109972293
18282253	39562	23156036	109941771
17681259	53276	23156036	109972957
18314650	33151	23156036	109973002
17370450	33151	23156036	109981001
17436514	11472	23156036	109973859
18359164	39136	23156036	109970498
17522544	34492	23156036	109967658
18204622	31282	23156036	109969181
17654048	16896	23156036	109970565
17374267	15463	23156036	109975536
18470101	44717	23156036	109922871
17682095	41286	23156036	109972121
18533711	43179	23156036	109969155
17645005	24898	23156036	109979167
18349221	54303	23156036	109916992
18096162	39826	23156036	109973328
18461071	48518	23156036	109973973
18112710	33761	23156036	109977096
17703174	12197	23156036	109976221
18701238	49300	23156036	109974313
17907938	40184	23156036	109929510
18638506	27190	23156036	109977497
18010088	57636	23156036	109966128
18704184	26845	23156036	109971945
17873211	33308	23156036	109955013
18287567	15941	23156036	109941004
18327710	34063	23156036	109968366
17756815	23875	23156036	109968602
18587699	40457	23156036	109974283
17854751	35483	23156036	109976138
18649901	39549	23156036	109972134
17698753	23614	23156036	109960936
17853440	1175	23156036	109970050
18622300	48907	23156036	109964103
17331035	100	23156036	109915754
18373050	15780	23156036	109970616
17961759	13186	23156036	109970375
18325720	51521	23156036	109999121
19029372	64648	23156036	109985540
20455186	132497	23156036	109976140
20473342	132357	23156036	109930375
20515039	152126	23156036	109970590
21000855	121593	23156036	109978906
20845094	139574	23156036	109964816
20798362	123401	23156036	109966323
20802527	139128	23156036	109951628
20834071	120080	23156036	109939354
20843417	119401	23156036	109966206
20381061	131356	23156036	109969742
19225453	60554	23156036	109965604
19436534	64848	23156036	109967663
18485586	10439	23156036	109966014
19217978	45335	23156036	109964826
18176279	45335	23156036	109974579
19393766	50904	23156036	109908724
18112041	50904	23156036	109968338
18143511	50904	23156036	109970058
19115360	49293	23156036	109966423
18002228	49293	23156036	109965915
19397642	51784	23156036	109965838
18016538	51784	23156036	109923361
19000929	27033	23156036	109970079
18617491	18634	23156036	109967809
19029846	23590	23156036	109992448
18684529	17810	23156036	109962953
19433720	50184	23156036	109964509
18492195	50184	23156036	109967678
19590056	52175	23156036	109967934
19446144	36431	23156036	109965531
18675702	7605	23156036	109968634
19488684	44434	23156036	109958946
18695550	5723	23156036	109964920
19664599	46600	23156036	109960774
18988538	22688	23156036	109966958
19266795	33203	23156036	109912743
19119688	26569	23156036	109964573
19231337	32816	23156036	109967552
18812300	32816	23156036	109975989
19459049	36010	23156036	109975267
18681073	16785	23156036	109972329
19569046	45897	23156036	109918454
18730679	17494	23156036	109962798
19686649	45864	23156036	110047257
18802004	17928	23156036	109975299
19636804	44673	23156036	109969814
18693439	7806	23156036	109968332
19606971	49443	23156036	109963662
18699810	6708	23156036	109967882
19727811	53362	23156036	109973243
18714011	6257	23156036	109968358
19420417	29097	23156036	109963531
19128353	23368	23156036	109963615
18852560	13083	23156036	109965123
19678322	46671	23156036	109966997
18760478	11320	23156036	109807731
19796360	44113	23156036	109967415
18795941	9944	23156036	109958873
19840433	53354	23156036	109966752
18840045	7642	23156036	109958720
19805115	56803	23156036	109927609
18883765	9924	23156036	109968570
19542933	36610	23156036	109969771
19079918	17163	23156036	109966202
19165710	20064	23156036	109967641
19497124	27278	23156036	109970523
18952935	14677	23156036	109864927
19927427	44881	23156036	109968603
18936904	2329	23156036	109961317
19993752	57467	23156036	109954483
18919374	57467	23156036	109939856
18930776	857	23156036	109970296
19991227	51213	23156036	109968967
18928406	51213	23156036	109966806
20012424	59866	23156036	109970997
19081468	59866	23156036	109910966
19553296	26224	23156036	109966885
19535339	27114	23156036	109886479
19135779	27114	23156036	109976603
20054405	49287	23156036	109965036
18957383	3321	23156036	109928460
19254397	3321	23156036	109966578
20042228	45413	23156036	109966941
19229706	2556	23156036	109967787
20205488	49275	23156036	109976963
19093087	2332	23156036	109974390
19113407	2332	23156036	109975569
20106125	52191	23156036	109967630
19303348	2059	23156036	109983040
20109451	51288	23156036	109958258
19077494	51288	23156036	109952262
19211325	51288	23156036	109920490
20281698	47339	23156036	109938567
19247568	47339	23156036	109972719
19363656	47339	23156036	109966612
19911727	33713	23156036	109909852
19320942	1578	23156036	109968350
19970632	21982	23156036	109970871
19333904	12011	23156036	109965985
19280574	12011	23156036	109987592
20231929	49468	23156036	109925941
19377763	18334	23156036	109966035
19699574	18334	23156036	109962661
19869633	28162	23156036	109958468
19340735	7217	23156036	109968610
20247355	43435	23156036	109968725
19411432	29985	23156036	109966045
20188683	26023	23156036	109962862
19535484	20656	23156036	109963591
19761437	16917	23156036	109968871
19878747	43902	23156036	109956829
19762110	38900	23156036	109964562
19843685	57744	23156036	109965032
20316670	61341	23156036	109962309
19356510	45401	23156036	109966806
20292791	50143	23156036	109920925
19481529	43321	23156036	109975850
20331202	50549	23156036	109972176
19418641	37236	23156036	109977071
20266812	54192	23156036	109903192
19432707	39056	23156036	109928110
20891666	137047	23156036	109962225
20316689	38919	23156036	109965982
20723419	131030	23156036	109966463
19271607	29193	23156036	109948179
20134470	46768	23156036	109936744
19433879	14435	23156036	109967120
19812875	42660	23156036	109967889
20020702	34993	23156036	109963898
19513835	27061	23156036	109964780
20531059	42096	23156036	109878629
19559179	36960	23156036	109966851
20382574	42105	23156036	109966441
19654259	26218	23156036	109968055
20234283	44082	23156036	109958888
19798417	6089	23156036	109909871
19551641	23365	23156036	109959481
20506320	48167	23156036	109936271
19689709	18288	23156036	109971416
20512808	42257	23156036	109961926
19632422	13720	23156036	109918802
19522043	1915	23156036	109731776
20615740	52263	23156036	109963524
19743931	24850	23156036	109957983
20528925	48472	23156036	109963349
19863758	27961	23156036	109965206
20632019	49188	23156036	109964508
19889163	19552	23156036	109968039
20331243	38939	23156036	109963522
20085920	27707	23156036	109959597
20060971	24820	23156036	109962767
20491356	47610	23156036	109963694
19747321	17256	23156036	109859523
20753661	50934	23156036	109963716
19924721	23676	23156036	109955328
20675953	41792	23156036	109904667
19861301	17756	23156036	109960940
20731858	50393	23156036	109963180
19925506	11998	23156036	109972280
20601694	42480	23156036	109963002
20098228	13412	23156036	109911082
19907716	11446	23156036	109960413
20871623	44658	23156036	109960067
19969918	13401	23156036	109868599
20936713	54780	23156036	110051689
20031152	13574	23156036	109965255
20995921	54533	23156036	109964039
19994767	14810	23156036	109964564
20501044	35584	23156036	109967512
20494943	30913	23156036	109962927
20031112	17569	23156036	109967338
21018427	54733	23156036	109970762
20115217	23538	23156036	109967772
20888636	47944	23156036	109947451
20133398	19806	23156036	109962131
20228963	21558	23156036	109901142
20812690	35744	23156036	109966517
20120703	19651	23156036	109963084
21001585	49527	23156036	109946331
20043763	12961	23156036	109934128
19881649	12961	23156036	109922479
21011194	44888	23156036	109965410
20139231	16187	23156036	109968541
20512393	28308	23156036	109965856
20373499	23305	23156036	109885587
19986163	5051	23156036	109963059
21083035	51162	23156036	109955160
20110773	10387	23156036	109959916
21016306	55532	23156036	109961270
20143259	10130	23156036	109968761
21186220	61822	23156036	109962114
20254775	15477	23156036	109966966
21239955	59030	23156036	109964479
20135482	59030	23156036	109961015
21143953	57321	23156036	109962809
20205023	57321	23156036	109924799
20308881	12955	23156036	109959639
21092646	49367	23156036	109960143
20425291	21572	23156036	109970931
21404105	55664	23156036	109960176
20337698	24595	23156036	109941029
21427081	50246	23156036	109966509
20424684	25056	23156036	109956367
21272790	46822	23156036	109958251
20422731	19586	23156036	109958496
20312551	1298	23156036	109911261
21310866	56975	23156036	109961853
20377332	32199	23156036	109952993
21246106	38187	23156036	109963806
20384087	25392	23156036	109958436
20553366	12608	23156036	109962092
21351003	57007	23156036	109958808
20460101	46712	23156036	109961854
21251860	38048	23156036	109961123
20517698	44044	23156036	109957251
21104034	39897	23156036	109902677
20649657	18902	23156036	109874202
20414543	43618	23156036	109957123
21191631	40409	23156036	109963428
20511880	66015	23156036	109962849
21103540	27751	23156036	109915480
20649016	78949	23156036	109958102
21212411	32793	23156036	109957368
20593972	66077	23156036	109965615
21282645	37886	23156036	109957332
20421342	12527	23156036	109960058
20652228	41227	23156036	109959071
21290603	41625	23156036	109870696
20458599	30989	23156036	109957412
20864737	24091	23156036	109955716
20997515	38305	23156036	109962694
20614321	45391	23156036	109924443
21369483	44634	23156036	109956657
20526629	32615	23156036	109957155
20915627	38270	23156036	109961855
21163527	45515	23156036	109918176
20898846	45549	23156036	109961467
21445256	51206	23156036	109961720
20782834	52266	23156036	109991165
21468880	45539	23156036	109963148
20854550	63640	23156036	109917180
21527755	44401	23156036	109963514
20713953	44408	23156036	109963249
21497549	49331	23156036	109961431
20906208	34689	23156036	109958331
21055200	41551	23156036	109954425
21156419	37896	23156036	109957738
20688071	29892	23156036	109957848
21507409	36018	23156036	109932091
20859210	65674	23156036	109965553
21506121	37130	23156036	109952725
20734788	47791	23156036	109960831
21018693	27328	23156036	109971594
21082345	31744	23156036	109970483
20866627	37337	23156036	109966171
21700634	56545	23156036	109907982
20686608	35218	23156036	109962904
21414515	35072	23156036	109966156
20956973	30188	23156036	109967781
20306771	4447	23156036	109970536
21604194	43374	23156036	109914804
20243348	4369	23156036	109961166
21588892	53314	23156036	109953292
22661153	98850	23156036	109959825
23186938	123014	23156036	109957234
23204517	120020	23156036	109957400
23217039	142153	23156036	109958095
23447286	125212	23156036	109958134
23394363	137951	23156036	109960525
23366077	126366	23156036	109966814
23367917	136886	23156036	109968724
23341097	123134	23156036	109953270
23361915	128853	23156036	109959696
23048023	125207	23156036	109961486
21736645	63039	23156036	109963585
21633044	45672	23156036	109910026
21667442	44221	23156036	109970374
21411875	33323	23156036	109965700
21049448	8512	23156036	109970156
22010231	51390	23156036	109970670
20884750	19163	23156036	109921923
21612285	30459	23156036	109959544
21105007	26789	23156036	109965790
20848087	8636	23156036	109958363
21882347	56285	23156036	110035855
20808167	3661	23156036	109962856
22100194	58205	23156036	109965196
21079580	15538	23156036	109960107
22063317	48792	23156036	109959069
21106744	10492	23156036	109961486
22156474	61255	23156036	109961811
21823540	31009	23156036	109958604
21626103	30541	23156036	109959311
22168725	61322	23156036	109959414
21471954	18011	23156036	109962287
22056236	56671	23156036	109895943
21678837	37295	23156036	109930506
21855174	45610	23156036	109957985
22181963	52187	23156036	109963322
21330897	22247	23156036	109959015
22255521	56630	23156036	109839804
21251474	25117	23156036	109978570
22163889	46182	23156036	109966749
21220242	7893	23156036	109961302
21920420	55086	23156036	109963050
21441801	24455	23156036	109960898
21761706	49898	23156036	109969772
21535394	31422	23156036	109952595
21854962	50446	23156036	109957522
21649421	32220	23156036	109959775
21337948	28814	23156036	109959893
22037421	51487	23156036	109966217
21340285	23793	23156036	109958300
22126294	56926	23156036	109963689
21328300	20658	23156036	109960518
22179321	58100	23156036	109912648
21350719	23991	23156036	109967854
22169776	51639	23156036	109962582
21346610	22213	23156036	109963153
21519274	26860	23156036	109945427
22036581	53214	23156036	109916747
21429845	23611	23156036	109879952
22221167	47931	23156036	109965093
21454042	31498	23156036	109959607
22237766	55630	23156036	109962433
21415257	22136	23156036	109963238
22300387	57385	23156036	109964478
21435465	18347	23156036	109969379
22346679	61974	23156036	109961776
21379181	12242	23156036	109964709
21945232	38385	23156036	109957690
21816516	32436	23156036	109942592
21462381	26511	23156036	109824922
22376782	50537	23156036	109964543
21303122	6968	23156036	109954342
22203882	54454	23156036	109911504
21691693	24519	23156036	109961894
21408448	19438	23156036	109963535
22384744	58880	23156036	109962580
21507066	15009	23156036	109961882
22425837	65860	23156036	109912022
21601504	6047	23156036	109962335
21471392	14948	23156036	109959991
22347133	52311	23156036	109945651
21551629	14471	23156036	109930301
22471450	58912	23156036	109963954
21503599	15896	23156036	109962089
21621096	7547	23156036	109962434
22455222	59960	23156036	109969960
21637828	11355	23156036	109962896
22380564	52849	23156036	109962185
21654177	22547	23156036	109961008
21574892	6013	23156036	109961609
22307211	48723	23156036	109911589
21539471	13465	23156036	109957020
22219195	38852	23156036	109895414
21771078	17934	23156036	109961306
21634706	10073	23156036	109968678
22518734	53656	23156036	109965946
21546370	5451	23156036	109966005
21582511	2419	23156036	109921554
22467217	51286	23156036	109966289
21663276	24094	23156036	109960347
22013188	16547	23156036	109961011
21934836	37635	23156036	109974955
21664395	7141	23156036	109953189
22490940	50999	23156036	109949475
21708349	32936	23156036	109950606
22471203	35797	23156036	109961844
21739652	32971	23156036	109961125
21591610	5039	23156036	109955889
22660588	62113	23156036	109957265
21708300	30242	23156036	109965116
22509690	59286	23156036	109958246
21646888	40581	23156036	109893147
22472148	62650	23156036	109907736
21925485	58942	23156036	109955152
22337715	73363	23156036	109961425
22443240	59388	23156036	109951932
21719144	59562	23156036	109960427
22488124	60686	23156036	109927888
21658507	48430	23156036	109959883
22445593	57377	23156036	109960746
21586758	46959	23156036	109960449
22794435	135202	23156036	109960102
22477045	42125	23156036	109968356
22461863	103193	23156036	109954597
22081235	52663	23156036	109958544
21705643	47168	23156036	109959209
22309941	46095	23156036	109937631
21718633	46415	23156036	109932759
22526113	50962	23156036	109959933
21814068	39504	23156036	109954259
22549935	56658	23156036	109955569
21786370	31036	23156036	109954713
22479133	64726	23156036	109904113
21673005	15813	23156036	109958276
21757104	34006	23156036	109957953
22574038	43439	23156036	109958695
21910654	37395	23156036	109959516
22540467	53352	23156036	109918920
21823984	24900	23156036	109956788
21866056	20768	23156036	109977307
22602213	55633	23156036	109963910
21822430	14297	23156036	109955861
22614904	56661	23156036	110018548
21918259	30142	23156036	109959411
22529049	51611	23156036	109957359
22022570	32865	23156036	109958743
22069393	34424	23156036	109958841
22549790	48291	23156036	109956502
21991072	35091	23156036	109959450
22709346	58151	23156036	109958516
22083105	37790	23156036	109961713
22697481	54788	23156036	109901409
22010985	29536	23156036	109949919
22759947	58040	23156036	109965131
22046989	29567	23156036	109953510
22774534	58060	23156036	109954858
21996319	20557	23156036	109960828
22400449	41322	23156036	109917367
22387253	37367	23156036	109959064
22143664	26395	23156036	109957166
22757000	46953	23156036	109960483
22067383	26436	23156036	109952984
22892711	56975	23156036	109952714
22087327	19617	23156036	109921988
22874931	65131	23156036	109951838
21941193	15790	23156036	109950846
22454661	47798	23156036	109952657
22536188	40172	23156036	109950776
22161014	35178	23156036	109955884
22852182	54754	23156036	109966021
22208612	34751	23156036	109957008
22928824	62060	23156036	109898640
22200515	33576	23156036	109953200
22646350	45771	23156036	109957208
22255158	36265	23156036	109863026
22165863	30963	23156036	109964464
22800294	48897	23156036	109963287
22127425	35266	23156036	109919907
22809586	48250	23156036	109957311
22027347	33696	23156036	109978889
21968643	2287	23156036	110026447
23041285	56832	23156036	110009968
22191101	30966	23156036	110031464
22338876	24175	23156036	110016571
22606093	35172	23156036	110045943
22217646	24907	23156036	110053327
22979840	52430	23156036	110058299
22283657	26087	23156036	110063685
22931425	56903	23156036	110050102
22120272	22110	23156036	110059060
23120909	64724	23156036	110059388
22164196	26707	23156036	110037211
23142614	67774	23156036	110058239
22169702	5178	23156036	110062633
22822314	48288	23156036	110095957
22405246	24708	23156036	110057895
22312810	14410	23156036	110002042
23047617	63482	23156036	110025530
22465818	32054	23156036	110055585
23294654	59349	23156036	110051109
22436382	36101	23156036	110052222
23236139	56842	23156036	110066259
22488108	32326	23156036	110054801
23205897	59443	23156036	110025261
22361421	23083	23156036	110018121
22518841	18621	23156036	110073098
23235135	61740	23156036	110050512
22482377	39256	23156036	110060303
23096864	38719	23156036	110046540
22531846	32396	23156036	110049595
22428097	34391	23156036	110051393
23101075	55629	23156036	110024413
22351783	52028	23156036	110063371
23157159	54830	23156036	110043110
22492225	39493	23156036	110042379
22578501	42040	23156036	110059355
22928340	37044	23156036	110058205
22437914	60692	23156036	110038498
23118260	43901	23156036	110064513
22398655	74220	23156036	109938668
23192202	37156	23156036	110055687
22597352	81237	23156036	110065622
23069166	36841	23156036	110063962
22441368	62562	23156036	110063864
22916588	36893	23156036	110045643
22652180	22629	23156036	110050610
22601159	57012	23156036	110053828
23206536	51541	23156036	110022012
22384212	38559	23156036	109988800
22400780	23497	23156036	110050641
23209331	60072	23156036	110058551
22436653	49546	23156036	110033046
23310301	57999	23156036	110066715
22377016	35766	23156036	110022722
22465711	32768	23156036	110061281
23192868	59401	23156036	110054172
22644288	59695	23156036	110038071
23269822	53665	23156036	110013363
22570918	58118	23156036	110023646
23289121	59549	23156036	110054685
22698355	56531	23156036	110082008
23406107	65407	23156036	109965191
22517827	40446	23156036	110051583
22910529	51313	23156036	110080966
22911407	47263	23156036	110028658
22655907	46591	23156036	110004083
23162023	47902	23156036	110022266
22648963	57606	23156036	110054518
23167335	43762	23156036	110061537
22631848	60595	23156036	110067083
23132646	39461	23156036	110051450
22705286	50312	23156036	110019415
22568911	34661	23156036	110057507
23160930	48274	23156036	110061634
22605426	49410	23156036	110068140
23311718	53151	23156036	110059629
22524460	40529	23156036	110062797
22722528	30586	23156036	110040806
23201661	52350	23156036	110049420
22194736	21239	23156036	110036479
23173946	38910	23156036	110025961
22393571	26389	23156036	109968711
23257050	60886	23156036	110010559
24300329	101128	23156036	110001300
24729862	122331	23156036	110059665
24756074	121821	23156036	110051515
174506804768	461199975	51926075	595194879329
