31408646	656879	366383	108215690
31018158	1330845	333789	105504686
81045641	2112033	810107	260390694
1202735718	32285913	12730135	3982000511
1202735718	82889	1055462	36838893
4545384	3943212	136293	134694639
4545384	3952801	136293	42046889
4545384	2966540	136293	35251533
4545384	3244808	136293	42380296
4545384	3075444	136293	43876758
4545384	2358784	136293	37125810
6636437	1788344	136293	50019001
6636437	1702323	136293	34530296
6636437	315683	136293	5362110
0	0	0	0
0	0	0	0
0	0	0	0
0	0	0	0
0	0	0	0
0	0	0	0
179722764	11246998	1960078	790662403
179722764	268810	1960078	6505461
0	0	0	0
0	0	0	0
0	0	0	0
0	0	0	0
0	0	0	0
151524972	10003062	1738599	680033248
0	0	0	0
0	0	0	0
166335200	9395246	1856500	702832685
166335200	2630527	1856500	46878375
166335200	1966444	1856500	46778322
166335200	2217374	1856500	40121248
166335200	1425667	1856500	31062727
0	0	0	0
36717330	2143443	410332	157557621
25244792	1457732	278658	107341600
0	0	0	0
0	0	0	0
0	0	0	0
103835402	4655665	606253	374597647
103835402	486833	923358	47844563
103835402	657417	923358	57649894
69285565	647735	24281	57550447
69285565	703705	9102	59298557
69285565	626388	69887	55435828
69285565	718425	54404	56672043
69285565	748157	64180	55447745
69285565	802263	58910	59181638
50967060	809162	83501	332107944
50967060	955700	68672	332107944
1674994	648530	68672	19272073
0	0	0	0
0	0	0	0
0	0	0	0
0	0	0	0
0	0	0	0
0	0	0	0
143762533	9669963	1660982	701511103
19834656	584503	1660982	45848087
1395062	1897244	1660982	49052000
0	0	0	0
0	0	0	0
0	0	0	0
0	0	0	0
0	0	0	0
0	0	0	0
0	0	0	0
162571923	12007330	1931241	829450534
8574318	1470798	182202	78911137
3212516724	217301909	37984307	15787626360
0	0	0	0
0	0	0	0
0	0	0	0
0	0	0	0
0	0	0	0
0	0	0	0
0	0	0	0
521524631	29006106	5394640	2338801721
301252291	29006106	5394640	125366410
281462603	29006106	5394640	123986909
257793059	29006106	5394640	122668781
271115633	29006106	5394640	119541026
231811175	29006106	5394640	120568168
217147266	29006106	5394640	119797194
191108773	29006106	5394640	119052545
197075102	29006106	5394640	118410296
186273054	29006106	5394640	117878668
175719022	29006106	5394640	117297273
167485807	29006106	5394640	116684653
147259938	29006106	5394640	116377963
133457394	29006106	5394640	115945448
141902273	29006106	5394640	115576703
137222134	29006106	5394640	115278153
135635581	29006106	5394640	114936789
130476335	29006106	5394640	114602938
125746000	29006106	5394640	114495132
120964573	29006106	5394640	114292928
117881856	29006106	5394640	113820093
113423521	29006106	5394640	113723139
109324938	29006106	5394640	113571088
104528305	29006106	5394640	113350415
59525569	29006106	616880	113115823
100915015	29006106	616880	113055039
102483459	29006106	616880	112926123
101507964	29006106	616880	112846564
96668404	29006106	616880	112662949
98699001	29006106	616880	112621894
95712909	29006106	616880	112497805
91488064	29006106	616880	112441792
92970848	29006106	616880	112330334
90305949	29006106	616880	112179237
87884717	29006106	616880	112043421
86150531	29006106	616880	112019992
83574808	29006106	616880	112021850
81811655	29006106	616880	111852114
80942450	29006106	616880	108140285
82042318	29006106	616880	111724699
80662168	29006106	616880	111737733
79574889	29006106	616880	111678224
77025162	29006106	616880	111586853
133424307	29006106	616880	196862108
74625776	29006106	616880	111541148
73987918	29006106	616880	111415486
66138914	29006106	616880	108173878
45028442	29006106	71816	107920991
50396294	29006106	56835	109533313
66573326	29006106	56835	110286620
65351122	29006106	56835	110763718
67789427	29006106	56835	111090654
67357233	29006106	56835	111051867
59898747	29006106	56835	110001083
64416939	29006106	56835	108014271
66934522	29006106	56835	110991905
66693403	29006106	56835	111105845
67501858	29006106	56835	111028252
66106235	29006106	56835	110857237
60574573	29006106	56835	110855869
59553412	29006106	56835	110829604
64150299	29006106	56835	110802440
62557109	29006106	56835	110783243
61067707	29006106	56835	108665392
63513157	29006106	56835	110811248
63748612	29006106	56835	110871524
64177286	29006106	56835	110798112
63853357	29006106	56835	110836039
62471550	29006106	56835	110709855
61625318	29006106	56835	110650549
62352572	29006106	56835	110624007
61032756	29006106	56835	110605958
42048455	29006106	219896	110602935
46992318	29006106	194611	110605881
57064829	29006106	194611	110556172
60396543	29006106	194611	109437988
60898085	29006106	194611	110532990
59944859	29006106	194611	110514809
59659255	29006106	194611	110503626
59033284	29006106	194611	110478192
59679879	29006106	194611	110481668
59029306	29006106	194611	110464376
58791853	29006106	194611	110455574
58254754	29006106	194611	110437529
58128021	29006106	194611	110385467
57695848	29006106	194611	110416598
57049642	29006106	194611	110408355
57169037	29006106	194611	110399380
56904315	29006106	194611	110388589
56793576	29006106	194611	110382364
56423355	29006106	194611	110372895
56729311	29006106	194611	110363494
56285529	29006106	194611	110354350
55449191	29006106	194611	110315475
55672482	29006106	194611	110339270
55148728	29006106	194611	110285369
55479970	29006106	194611	110322068
54927655	29006106	194611	110312152
54995122	29006106	194611	110305501
54884028	29006106	194611	110298182
54411128	29006106	194611	110292506
53888989	29006106	194611	110256941
54297265	29006106	194611	110259923
53763825	29006106	194611	110269499
53720168	29006106	194611	110266589
53789094	29006106	194611	110262286
53702250	29006106	194611	110254078
53056686	29006106	194611	110261136
53186514	29006106	194611	110240513
53309559	29006106	194611	110234146
53101919	29006106	194611	110227997
52812183	29006106	194611	110223363
52681724	29006106	194611	110219799
52784138	29006106	194611	110159540
52863120	29006106	194611	110206270
52621911	29006106	194611	109994587
51624583	29006106	194611	109504046
51734076	29006106	194611	109491318
51609577	29006106	194611	110061892
52301978	29006106	194611	110181021
51876309	29006106	194611	110177550
52119687	29006106	194611	110170716
51926024	29006106	194611	110167143
51662820	29006106	194611	110163231
51388591	29006106	194611	110165026
26624445	29006106	466127	110167959
31171118	29006106	586666	109976192
51163101	29006106	586666	110070434
52278813	29006106	586666	110030788
52389179	29006106	586666	110143955
52417976	29006106	586666	110133702
52776554	29006106	586666	110132426
52261557	29006106	586666	110129864
51621259	29006106	586666	110095712
52110346	29006106	586666	110125122
52140030	29006106	586666	110122435
51646885	29006106	586666	110118832
51410054	29006106	586666	110118987
51407856	29006106	586666	110110922
51154760	29006106	586666	110108005
51478043	29006106	586666	110103691
51417969	29006106	586666	110100220
51282537	29006106	586666	110101207
51359282	29006106	586666	109629102
414756673	29006106	586666	899001486
49638856	29006106	586666	110084648
49721599	29006106	586666	110032197
49905092	2912	586666	110066126
50218789	2912	586666	110066163
50102888	5812	586666	110062971
50133704	6212	586666	110071297
49736960	10182	586666	110058625
49817345	9368	586666	110056404
49689935	13371	586666	110058219
49376472	17825	586666	110052151
49762705	14957	586666	110054551
49955064	22367	586666	110048861
49946958	18467	586666	110047460
49882669	30723	586666	110042689
49930224	33284	586666	110043062
49655493	33509	586666	110041755
49426601	33601	586666	110038120
49344249	35402	586666	110048590
49604824	34894	586666	110035155
49637128	51745	586666	110038338
49464614	45648	586666	110030814
49324285	59238	586666	110004301
49400034	58485	586666	110028821
49399190	44212	586666	110028619
49207827	46054	586666	110032259
49352258	49832	586666	110023486
49535114	48111	586666	110021494
48759124	59658	586666	110021956
48548408	62916	586666	109899506
48848888	63839	586666	110017297
48869638	68832	586666	110017510
48741249	68925	586666	110017391
48898101	78196	586666	110014283
48478776	71445	586666	110012946
48940230	72773	586666	110011616
48670006	72222	586666	110008791
48517731	73359	586666	110008447
48315586	69803	586666	110005621
48404967	71401	586666	110024805
48161652	73735	586666	110013824
48257439	77146	586666	109998718
48423835	75836	586666	109974658
48578610	77123	586666	110000335
48398621	77194	586666	109996699
48635856	79644	586666	109995005
48408737	87450	586666	109996713
48442639	85866	586666	109994567
48350976	90175	586666	109991162
48527234	89970	586666	109992361
48325620	92929	586666	109996682
48347221	96211	586666	109895210
47941269	92352	586666	109989991
48006320	94841	586666	109988240
48622445	95145	586666	109992828
48542934	98592	586666	109983408
48403637	101530	586666	109986756
48250898	100137	586666	109983060
48328207	98502	586666	109983092
48575650	104193	586666	109980424
48419788	104367	586666	109982804
48127264	101984	586666	109882721
48027433	110882	586666	109951450
48174643	102992	586666	109977120
48105743	107061	586666	109978498
47971186	103119	586666	109984886
48357562	109797	586666	109973517
48356226	111073	586666	109974160
48364093	111894	586666	109973962
47986805	122723	586666	109974401
47989671	115195	586666	109972142
48042185	114410	586666	109800797
47434923	127095	586666	109234387
47356181	128612	586666	109287526
47886132	114682	586666	109967584
47701442	117276	586666	109965455
47908754	120060	586666	109968693
47944244	128515	586666	109968683
47683771	118681	586666	109967491
47644243	120049	586666	109968241
47937265	119453	586666	109962379
47948873	117944	586666	109961053
47696484	126131	586666	109914698
5963319	126131	1126709	109972892
32012518	56368	409015	110000374
48435301	183451	409015	109979011
48313628	177589	409015	109960321
48282131	175858	409015	109955702
47918293	182790	409015	109956419
47931567	173252	409015	109954430
47791253	175981	409015	109955598
47730994	174083	409015	109953953
10645779874	85539428	10151707	26825032695
10645779874	85539428	740662	109069578
64905761	85539428	675839	293385455
13929007	85539428	675839	110065856
14101000	85539428	675839	110047214
14216045	85539428	675839	110042270
14422605	85539428	675839	110046801
14627008	85539428	675839	110040963
14755376	85539428	675839	110041964
14964860	85539428	675839	110037298
15063338	85539428	675839	110007160
15150593	85539428	675839	110033835
15247611	85539428	675839	110032217
15468819	85539428	675839	110031984
15527302	85539428	675839	110035024
15676216	85539428	675839	110030616
15790744	85539428	675839	110028825
16287459	85539428	675839	110030066
16032640	85539428	675839	110028247
16150132	85539428	675839	110026542
16237055	85539428	675839	110021074
16405632	85539428	675839	110028305
16509059	85539428	675839	110022096
16683167	85539428	675839	110022201
16725163	85539428	675839	110021782
16897644	85539428	675839	110019437
17020556	85539428	675839	110018561
17141011	85539428	675839	110013742
17191833	85539428	675839	110012458
17316742	85539428	675839	110016802
17426805	85539428	675839	109978407
18135182	85539428	675839	110019163
1251882569	8662509	1146315	3299434729
16829641	8662509	114920	109902866
17357310	8662509	119252	110043545
17252692	8662509	115104	110040431
17518437	8662509	115279	110044137
17527731	8662509	117693	110041661
17710238	8662509	110816	110031903
18080956	8662509	112857	110033905
17853604	8662509	115562	110032993
18140257	8662509	119017	110032327
17940516	8662509	114998	110007258
18170454	8662509	108368	110029927
18287042	8662509	107816	110029955
18389992	8662509	108078	110026387
18420880	8662509	109135	110026670
18591248	8662509	107100	110026833
18593560	8662509	110599	110027664
18977192	8662509	107765	110028072
18841678	8662509	106860	109999074
800244329	5091052	738975	2170657613
10567008	5091052	738975	110014833
10457943	5091052	738975	110004551
10555810	5091052	738975	110007762
10605212	5091052	738975	109976925
10664189	5091052	738975	110000074
10854348	5091052	738975	110001479
10939058	5091052	738975	110001872
11229259	5091052	738975	110006268
11275708	5091052	738975	109999884
11331842	5091052	738975	109999865
11476492	5091052	738975	109995161
11830821	5091052	738975	109998613
11677765	5091052	738975	110001700
11800158	5091052	738975	109997607
11951415	5091052	738975	109914973
11989917	5091052	738975	109993282
12033519	5091052	738975	109994032
12477136	5091052	738975	109996473
12427733	5091052	738975	109972099
12551684	5091052	738975	109994258
12522744	5091052	738975	109991220
12688734	5091052	738975	109989826
12884999	5091052	738975	109988650
12941783	5091052	738975	109989639
12939122	5091052	738975	109991041
13101741	5091052	738975	109995467
13280861	5091052	738975	109989530
10200477	5091052	738975	109998180
10633322	5091052	738975	110018831
10668661	5091052	738975	110010931
10823603	5091052	738975	110008527
13088577	5091052	738975	110009802
14148419	5091052	738975	110003027
14229296	5091052	738975	109991018
14284319	5091052	738975	109991207
14329793	5091052	738975	109989181
14417684	5091052	738975	109987447
14564199	5091052	738975	109987379
14607888	5091052	738975	109965306
14687190	5091052	738975	109987829
14752478	5091052	738975	109981844
12037478	5091052	738975	109993117
11329098	5091052	738975	110003390
14693103	5091052	738975	110000423
14982953	5091052	738975	109988823
15117083	5091052	738975	109984194
15179229	5091052	738975	109976930
13752122	5091052	738975	109417861
13546708	5091052	738975	109009485
15648230	5091052	738975	109395956
14947762	5091052	738975	109608708
14728626	5091052	738975	109998525
14546189	5091052	19388	109993343
16209529	5091052	13452	109992902
23563033	5091052	13452	109979930
23265496	5091052	13452	109961891
23810172	5091052	13452	109958903
20905275	5091052	13452	109959689
23482095	5091052	13452	109942947
23686135	5091052	13452	109877178
22765360	5091052	13452	109956128
23224566	5091052	13452	109959607
21605577	5091052	13452	109958118
20216842	5091052	13452	109962310
23964804	5091052	13452	109962984
23617862	5091052	13452	109952476
22816760	5091052	13452	109953232
23827297	5091052	13452	109953644
22382906	5091052	13452	109953442
23476157	5091052	13452	109955857
24012389	5091052	13452	109829282
22797290	5091052	13452	109899581
24034452	5091052	13452	109950560
24017200	5091052	13452	109952360
16734447	5091052	27816	109957536
23512676	5091052	27816	109965477
24686567	5091052	27816	109956630
23651905	5091052	27816	109950028
24574031	5091052	27816	109929587
22267670	5091052	27816	109949801
24397903	5091052	27816	109952303
23953309	5091052	27816	109947600
24605299	5091052	27816	109947495
24414886	5091052	27816	109943494
21620552	5091052	27816	109948104
25204657	5091052	27816	109951341
25122385	5091052	27816	109945049
22922661	5091052	27816	109948619
24986498	5091052	27816	109950013
24597893	5091052	27816	109943887
25079232	5091052	27816	109941872
19204484	5091052	27816	109944893
17213604	5091052	50550	109959103
21644041	5091052	50550	109964088
25056422	5091052	50550	109948898
24699642	5091052	50550	109941261
25147152	5091052	50550	109940346
23029433	5091052	50550	109941620
24884290	5091052	50550	109894628
25500110	5091052	50550	109940491
24711049	5091052	50550	109564616
22666115	5091052	50550	109942932
25544104	5091052	50550	109943841
25247345	5091052	50550	109937401
25002030	5091052	50550	109938343
24818818	5091052	50550	109929107
25463094	5091052	50550	109936258
24391861	5091052	50550	109937553
20489522	5091052	836	109945738
25985269	5091052	836	109944813
24046108	5091052	836	109936076
25819734	5091052	836	109938278
25340411	5091052	836	109933285
25807039	5091052	836	109933639
20648667	5091052	2011	109936404
26042172	5091052	2011	109942225
25487826	5091052	2011	109934659
25097480	5091052	2011	109839321
25857723	5091052	2011	109914158
25482753	5091052	2011	109935692
24605002	5091052	2011	109935720
26179007	5091052	2011	109935167
25612480	5091052	2011	109930982
26119634	5091052	2011	109931041
24532501	5091052	2011	109933052
19708072	5091052	2011	109941668
19777880	5091052	2011	109948717
18851524	5091052	2011	109953650
18058383	5091052	37283	109976360
19511577	5091052	31506	109957854
23046744	5091052	2488	109947474
26362367	5091052	2488	109944863
26759653	5091052	2488	109926199
25047522	5091052	2488	109927231
26620113	5091052	2488	109928419
26394767	5091052	2488	109927642
24003433	5091052	2488	109930858
26367462	5091052	2488	109935317
26707873	5091052	2488	109885948
25108924	5091052	2488	109927243
26500050	5091052	2488	109933679
26703022	5091052	2488	109925108
24555342	5091052	2488	109928289
26928592	5091052	2488	109929440
25154652	5091052	2488	109926356
26889245	5091052	2488	109927103
26762895	5091052	2488	109923104
27042785	5091052	2488	109926972
22978760	5091052	2488	109926120
22670877	5091052	10903	109938688
27137900	5091052	10903	109941967
26441105	5091052	10903	109583976
26878830	5091052	10903	109928470
25149143	5091052	10903	109926537
26904658	5091052	10903	109927854
27498548	5091052	10903	109921131
26351556	5091052	10903	109921648
27263311	5091052	10903	109810200
24743394	5091052	10903	109908065
25420553	5091052	10903	109933647
27649099	5091052	10903	109927227
27451183	5091052	10903	109927326
27439395	5091052	10903	109919062
27005991	5091052	10903	109922573
26686203	5091052	10903	109924035
27524221	5091052	10903	109922095
27450633	5091052	10903	109918937
26571706	5091052	10903	109919263
20544796	5091052	4219	109924884
20376711	5091052	50464	109943603
25876498	5091052	50464	109943472
27523251	5091052	50464	109899672
27268728	5091052	50464	109917061
27529065	5091052	50464	109919510
25864939	5091052	50464	109920044
23957454	5091052	50464	109927742
28193164	5091052	50464	109924811
27711278	5091052	50464	109914801
27136267	5091052	50464	109895535
27663078	5091052	50464	109916832
27061274	5091052	50464	109918152
26813697	5091052	50464	109922382
27843795	5091052	50464	109923374
28315349	5091052	50464	109912874
27268760	5091052	50464	109913848
28116394	5091052	50464	109917181
26267474	5091052	50464	109917081
20923521	5091052	39262	109924846
25741068	5091052	39262	109936224
28746540	5091052	39262	109928455
26650585	5091052	39262	109887219
28103608	5091052	39262	110042253
27871739	5091052	39262	110052605
26210732	5091052	39262	110050840
27953022	5091052	39262	110070004
28371232	5091052	39262	110054479
28178477	5091052	39262	110055818
27875917	5091052	39262	110051498
28683278	5091052	39262	110048004
25371848	5091052	39262	107996016
25518962	5091052	132	110049097
28440360	5091052	132	109978821
28791424	5091052	132	110051694
28061358	5091052	132	110024919
28567250	5091052	132	110071812
25791186	5091052	132	110056619
28877333	5091052	132	110057729
28452455	5091052	132	110037577
28808231	5091052	132	110048857
27559294	5091052	132	110039283
28591844	5091052	132	110058176
28774381	5091052	132	110044227
22964274	5091052	132	110048090
22351460	5091052	132	110038824
22362619	5091052	132	110059278
22421859	5091052	132	110071524
22376181	5091052	132	110061364
21317857	5091052	132	109995134
21132282	5091052	132	110058720
22061448	5091052	1911	110037262
22037814	5091052	1911	110049081
18707102	5091052	53072	110038525
21957296	5091052	311	110032670
21647671	5091052	24984	110037421
24055594	5091052	19678	110043554
30385702	5091052	19678	110031463
29201894	5091052	19678	110066120
28455839	5091052	19678	110045041
28947056	5091052	19678	110055958
27506715	5091052	19678	110040577
29449844	5091052	19678	110053529
29651734	5091052	19678	110035982
29128456	5091052	19678	110041913
24197828	5091052	19678	110033525
29458646	5091052	19678	110055645
28863301	5091052	19678	110029159
28785668	5091052	19678	110055124
29413139	5091052	19678	110027094
27530521	5091052	19678	110066905
29157697	5091052	19678	110038952
28403194	5091052	19678	110047680
29606099	5091052	19678	110048702
29163280	5091052	19678	110056135
29326911	5091052	19678	110028437
22794878	5091052	12403	110042278
25522252	5091052	4251	110030414
29753287	5091052	4251	110044902
28204002	5091052	4251	110046206
29382810	5091052	4251	110077031
29194465	5091052	4251	110052155
29477016	5091052	4251	110047056
26011373	5091052	4251	110030488
29404617	5091052	4251	110050075
29811456	5091052	4251	110030520
29888322	5091052	4251	110041044
28337874	5091052	4251	110025795
29008046	5091052	4251	110033968
29510684	5091052	4251	109966508
26464978	5091052	1362	110051664
29497262	5091052	1362	110059151
29973522	5091052	1362	110045537
29598485	5091052	1362	110080009
28741716	5091052	1362	110087680
29134305	5091052	1362	110090387
29340968	5091052	1362	110094252
29124695	5091052	1362	110008687
29819786	5091052	1362	110105421
27057949	5091052	1362	110086972
22361504	5091052	5676	110080711
23534071	5091052	32126	110093527
24110033	5091052	28110	110090095
28004091	5091052	28110	110083441
30525528	5091052	28110	110186009
29808373	5091052	28110	110086212
30354888	5091052	28110	110089513
29399751	5091052	28110	110099984
29431062	5091052	28110	110074315
28852936	5091052	28110	110012460
27893826	5091052	28110	110078094
29786074	5091052	28110	110106350
29823604	5091052	28110	110096055
29536169	5091052	28110	110082617
29887199	5091052	28110	110077316
29193828	5091052	28110	110074682
29462096	5091052	28110	110081384
27869757	5091052	28110	110082481
25898138	5091052	28110	110102118
29943739	5091052	28110	110080296
29894113	5091052	28110	110082529
29666739	5091052	28110	110077596
28875577	5091052	28110	110087870
29899987	5091052	28110	110082975
29760715	5091052	28110	110077614
28291100	5091052	28110	110079953
29232241	5091052	28110	110086015
29903015	5091052	28110	110090768
29878376	5091052	28110	110092636
29346891	5091052	28110	110059895
29841750	5091052	28110	110095685
28163194	5091052	28110	110086524
25860675	5091052	17512	110097452
30015905	5091052	17512	110084846
29867154	5091052	17512	110075865
29215486	5091052	17512	110085030
30077213	5091052	17512	110086857
30211019	5091052	17512	110052569
26623790	5091052	13842	110012885
30046996	5091052	13842	110090246
29290269	5091052	13842	110079364
30344344	5091052	13842	110079776
30461139	5091052	13842	110096099
28164025	5091052	13842	110096680
30347292	5091052	13842	110087921
29969318	5091052	13842	110089927
29769238	5091052	13842	110098877
30220171	5091052	13842	110085488
29472674	5091052	13842	110089530
23927023	5091052	10945	110048164
23672800	5091052	5012	110007098
22275167	5091052	41076	110021136
24184640	5091052	19626	110085955
24538078	5091052	17234	110059271
25174912	5091052	19811	110032554
24613558	5091052	31320	110079438
26282432	5091052	31320	110080500
30897670	5091052	31320	110057023
30579338	5091052	31320	110053842
30062051	5091052	31320	110077648
30017504	5091052	31320	110083538
30199727	5091052	31320	110067665
29939113	5091052	31320	110060805
30139278	5091052	31320	110076880
30428188	5091052	31320	110082635
29338863	5091052	31320	110078153
28351907	5091052	31320	110082617
30354280	5091052	31320	110093768
30033790	5091052	31320	110074971
30641487	5091052	31320	110033663
29885439	5091052	31320	110075922
30252279	5091052	31320	110063052
30564126	5091052	31320	110079248
26599587	5091052	8151	110075220
29840176	5091052	8151	110082777
31050706	5091052	8151	110071658
30089423	5091052	8151	110071707
30524858	5091052	8151	110080101
29849468	5091052	8151	110087481
30411136	5091052	8151	110082420
28946262	5091052	8151	110080417
30236103	5091052	8151	110080668
30548749	5091052	8151	110063268
29773269	5091052	8151	110068827
30515386	5091052	8151	110081559
30721633	5091052	8151	110086543
25050207	5091052	19477	110096875
26863153	5091052	2721	110078679
30694003	5091052	2721	110086575
29714622	5091052	2721	110050332
30679332	5091052	2721	110076381
30411178	5091052	2721	110078355
28903691	5091052	2721	110089724
30549037	5091052	2721	110090055
30326381	5091052	2721	110087489
30210830	5091052	2721	110090497
30593782	5091052	2721	110074966
27060146	5091052	5424	110069659
30971772	5091052	5424	110070816
30757937	5091052	5424	110055715
29110057	5091052	5424	110035096
29669729	5091052	5424	110084195
30676192	5091052	5424	110095550
30756960	5091052	5424	110087242
30275209	5091052	5424	110082778
29969554	5091052	5424	110086307
30589369	5091052	5424	110082282
29901977	5091052	5424	110079725
30828569	5091052	5424	110018733
30518456	5091052	5424	110061743
29193211	5091052	5424	110081690
23888677	5091052	29831	110075229
26641220	5091052	13843	110069711
31069996	5091052	13843	110075543
30831747	5091052	13843	110078011
30647613	5091052	13843	110025364
30822501	5091052	13843	110071088
29084616	5091052	2212	110027701
30276209	5091052	2212	110060659
30698541	5091052	2212	110083721
31057972	5091052	2212	110075680
29416385	5091052	2212	110076718
31199563	5091052	2212	110092411
31477829	5091052	2212	110092834
30583173	5091052	2212	110082920
30954161	5091052	2212	110080849
29660876	5091052	2212	110088245
25409862	5091052	25981	110089711
29798123	5091052	25981	110088049
30894002	5091052	25981	110050743
30452484	5091052	25981	110095691
31040833	5091052	25981	110062579
30600137	5091052	25981	110081645
28807383	5091052	1768	110075936
31194370	5091052	1768	110078959
31013889	5091052	1768	110072994
30091179	5091052	1768	110079827
31103502	5091052	1768	110064899
30852089	5091052	1768	110064001
31154544	5091052	1768	110077746
30667355	5091052	1768	110074600
29892522	5091052	1768	110074578
31009297	5091052	1768	110036928
30623243	5091052	1768	109907148
30603877	5091052	1768	110092991
31153648	5091052	1768	110082520
31296666	5091052	1768	110076242
26749438	5091052	1768	110092689
26220591	5091052	1768	110074834
26173627	5091052	1768	110039241
26165493	5091052	1768	109984436
25830213	5091052	1768	110077907
25800181	5091052	1768	110075605
25775264	5091052	1768	110066084
25782365	5091052	1768	110024018
25783540	5091052	1768	109968997
25868803	5091052	1768	110072852
25337409	5091052	1768	110080546
23487158	5091052	2776	110083630
23673630	5091052	1133	110064489
26237600	5091052	1133	110065965
26065987	5091052	1133	110068984
25765578	5091052	1133	110066471
25755024	5091052	1133	110045605
25746730	5091052	1133	109981554
24431015	5091052	2183	109939862
24929434	5091052	9215	110070211
24923582	5091052	13139	110065955
24447421	5091052	36295	110060000
24919639	5091052	39014	110028379
25465086	5091052	30242	110073721
26394760	5091052	18830	110074200
26382239	5091052	16309	110063315
31076466	5091052	16309	110084964
32237037	5091052	16309	110062246
31131547	5091052	16309	110055260
30170716	5091052	16309	110045461
31577294	5091052	16309	110076778
31018067	5091052	16309	110066785
31447605	5091052	16309	110062704
31349283	5091052	16309	110074250
29660735	5091052	16309	110061906
30994526	5091052	16309	110061788
31499829	5091052	16309	110062648
30329078	5091052	16309	110022472
31569055	5091052	16309	110008995
31246496	5091052	16309	110011798
31412443	5091052	16309	109894041
31103265	5091052	16309	110065081
28161029	5091052	9919	109992005
31577493	5091052	9919	110029290
31685802	5091052	9919	110048389
30890681	5091052	9919	110054719
31441987	5091052	9919	110053630
29827308	5091052	9919	110058645
31168608	5091052	9919	110050586
31554667	5091052	9919	110027699
31464238	5091052	9919	110056351
31204169	5091052	9919	110065854
31346650	5091052	9919	110067478
30966431	5091052	9919	110066516
26178895	5091052	24199	110074730
31613366	5091052	24199	110079712
31557481	5091052	24199	110070617
31478537	5091052	24199	110060937
30430235	5091052	24199	110065717
31789642	5091052	24199	110058874
31589432	5091052	24199	110058222
31665877	5091052	24199	110033844
29788327	5091052	2576	110066972
30012047	5091052	2576	110061486
31387759	5091052	2576	110044295
31182308	5091052	2576	110022230
31282530	5091052	2576	110059218
30806293	5091052	2576	109914593
30892539	5091052	2576	110066905
31487242	5091052	2576	109979019
31185295	5091052	2576	110077010
31377946	5091052	2576	110073699
29743859	5091052	2576	110069800
24865061	5091052	34136	110062723
26131123	5091052	39872	110037522
26561559	5091052	20651	110069851
31611396	5091052	20651	110048854
31630463	5091052	20651	110076519
31562726	5091052	20651	110069118
31539706	5091052	20651	110065757
30964233	5091052	20651	110070754
31284004	5091052	20651	110041582
31771024	5091052	20651	110060845
29324381	5091052	3057	110027346
31257666	5091052	3057	110059826
31904746	5091052	3057	110061708
31172988	5091052	3057	110058333
31545313	5091052	3057	110030595
31239535	5091052	3057	110026699
31636489	5091052	3057	110065579
31282132	5091052	3057	110068194
31308728	5091052	3057	110079330
31523502	5091052	3057	110058063
31902695	5091052	3057	110053002
28712589	5091052	15518	110065079
28089395	5091052	22977	110067637
31390352	5091052	22977	110058549
31570767	5091052	22977	110068897
31388206	5091052	22977	110071728
31641952	5091052	22977	110051781
30764134	5091052	22977	110021827
31746147	5091052	22977	109995599
31356212	5091052	22977	110050053
31851060	5091052	22977	110067587
29572769	5091052	4218	110062523
31983463	5091052	4218	110076536
31622408	5091052	4218	110069543
32104972	5091052	4218	110062216
30911247	5091052	4218	110071990
31422804	5091052	4218	110150792
31726610	5091052	4218	110071463
31380627	5091052	4218	110059674
25886810	5091052	14601	110073845
25837415	5091052	12948	110056580
24480718	5091052	47475	110059160
25754105	5091052	25100	110049527
26541395	5091052	30440	110046845
31094321	5091052	30440	110059565
31857076	5091052	30440	110045328
31119493	5091052	30440	109990130
31704005	5091052	30440	110025022
31559301	5091052	30440	110030052
30676913	5091052	30440	110052756
31948714	5091052	30440	110062388
31331868	5091052	30440	110054916
31650447	5091052	30440	110053325
27345672	5091052	16121	110063965
27713689	5091052	13402	110060200
31942904	5091052	13402	110057901
31931484	5091052	13402	110041549
31763329	5091052	13402	109995285
31042497	5091052	13402	110031670
31933511	5091052	13402	110036851
31710323	5091052	13402	110024210
32054139	5091052	13402	110074850
30688986	5091052	13402	110047857
31950667	5091052	13402	110040906
31539688	5091052	13402	110055955
31865732	5091052	13402	110055089
31311223	5091052	13402	110058189
29225027	5091052	6844	110075419
31982818	5091052	6844	110060115
31347817	5091052	6844	110050676
31919115	5091052	6844	110060152
32020946	5091052	6844	110060040
30760062	5091052	6844	110056604
31375316	5091052	6844	110054867
32074680	5091052	6844	110065305
32157720	5091052	6844	110064135
31221451	5091052	6844	110057547
32423394	5091052	6844	110056028
32023121	5091052	6844	110044102
29950484	5091052	1394	110035403
25644776	5091052	16539	110040480
26301079	5091052	50708	110062679
26998057	5091052	43750	110073310
31207381	5091052	43750	110059208
32342427	5091052	43750	110038055
31915195	5091052	43750	110033429
31982181	5091052	43750	110061357
31266269	5091052	43750	110054074
30736682	5091052	43750	110018962
31534865	5091052	43750	110067434
32037679	5091052	43750	110060585
30769875	5091052	43750	110057208
32020773	5091052	43750	110062740
31765464	5091052	43750	110064263
31912412	5091052	43750	110054492
28636453	5091052	12655	110050463
32135821	5091052	12655	110056042
31745689	5091052	12655	110052503
31440410	5091052	12655	110061197
31765786	5091052	12655	110056617
31804383	5091052	12655	110060640
31404472	5091052	12655	110053766
31884518	5091052	12655	110053592
31868826	5091052	12655	110057653
32040433	5091052	12655	110056834
26550714	5091052	22845	110053872
26920887	5091052	38228	110048223
30374316	5091052	5047	110054379
31585225	5091052	5047	110023639
32001970	5091052	5047	110059272
31962649	5091052	5047	110068275
31249306	5091052	5047	110061379
31726246	5091052	5047	110061189
31402643	5091052	5047	110066777
32083115	5091052	5047	110047564
31707354	5091052	5047	110016064
30228957	5091052	818	110005261
31988775	5091052	818	109975899
31887103	5091052	818	110066866
31768381	5091052	818	110053107
31147679	5091052	818	110039444
32079178	5091052	818	110052263
31798619	5091052	818	110061173
31788509	5091052	818	110065716
30136316	5091052	2317	110055351
30361228	5091052	2317	110079241
32234056	5091052	2317	110067640
32340660	5091052	2317	110058754
31159366	5091052	2317	110035792
32122561	5091052	2317	110065109
31699745	5091052	2317	110057166
32005315	5091052	2317	110021162
31542157	5091052	2317	110050473
32421707	5091052	2317	110021524
32054874	5091052	2317	110041026
28545432	5091052	2317	110058819
27160403	5091052	2317	110061759
27148513	5091052	2317	110060437
27129892	5091052	2317	110065591
27133809	5091052	2317	110069244
26443125	5091052	2317	110055876
25550071	5091052	3847	110068013
27321249	5091052	3847	110044392
27345973	5091052	3847	110047438
27026959	5091052	577	110052091
27295792	5091052	13227	110056907
26851470	5091052	42127	110053676
27204638	5091052	30457	110028534
27499623	5091052	29488	109989055
32427374	5091052	29488	110051441
32535167	5091052	29488	110057407
31951921	5091052	29488	110056225
30825287	5091052	29488	110049157
32301890	5091052	29488	110069042
31959024	5091052	29488	110050386
32005515	5091052	29488	110058681
30160986	5091052	5477	110064300
32280534	5091052	5477	110053229
32171843	5091052	5477	110067885
32317844	5091052	5477	110060859
31577140	5091052	5477	110048402
32332356	5091052	5477	110055542
32011641	5091052	5477	110133542
29826966	5091052	12661	110078874
31912621	5091052	12661	110066547
32441536	5091052	12661	110063480
31858468	5091052	12661	110030373
32222317	5091052	12661	110060415
31536790	5091052	12661	110043178
31449876	5091052	12661	110070046
31741820	5091052	12661	110060104
32252374	5091052	12661	110064668
31885668	5091052	12661	110054285
32249024	5091052	12661	110020082
28998576	5091052	8500	110070515
29182006	5091052	23130	110051980
32857750	5091052	23130	110044543
31648662	5091052	23130	110026956
32244787	5091052	23130	110009042
32166117	5091052	23130	110053744
31200489	5091052	23130	110052616
32008006	5091052	23130	110028126
32003712	5091052	23130	110039305
31654432	5091052	23130	110047910
28915674	5091052	8349	110051282
32590350	5091052	8349	110049631
32183661	5091052	8349	110048324
31476961	5091052	8349	110051882
32323661	5091052	8349	110031878
31895894	5091052	8349	110055940
30479613	5091052	8349	110052336
32372077	5091052	8349	110053531
32022578	5091052	8349	110049197
31648560	5091052	8349	110049158
32329940	5091052	8349	110050388
31979081	5091052	8349	110071210
29590828	5091052	6648	110056533
26664337	5091052	26915	110058807
27362358	5091052	43802	110059626
31749062	5091052	43802	110050368
32043592	5091052	43802	110026201
31512889	5091052	43802	110060527
32196645	5091052	43802	110063798
32046871	5091052	43802	110047105
31899568	5091052	43802	110055844
29038635	5091052	12355	110057436
32515148	5091052	12355	110058257
32085463	5091052	12355	110061392
31730102	5091052	12355	110030383
32423039	5091052	12355	110064590
30593742	5091052	2322	110047551
32562615	5091052	2322	110048469
32312071	5091052	2322	110021650
31745988	5091052	2322	110038886
32317422	5091052	2322	110056157
32108500	5091052	2322	110055500
29651944	5091052	9680	109962028
27300551	5091052	41277	110069281
30946400	5091052	41277	110054090
32333990	5091052	41277	110061767
32414960	5091052	41277	110060618
31635463	5091052	41277	110062704
32094283	5091052	41277	110061838
32559287	5091052	41277	110009750
31147077	5091052	41277	110056303
32609472	5091052	41277	110012007
31212161	5091052	41277	110015506
32191168	5091052	41277	110059012
32050555	5091052	41277	109863500
32153937	5091052	41277	110059298
29633791	5091052	18839	110061129
31051574	5091052	1650	110076446
32422763	5091052	1650	110064425
32446112	5091052	1650	110049681
31680248	5091052	1650	110058450
32166051	5091052	1650	110065619
32474330	5091052	1650	110051090
30881089	5091052	1314	110052816
32698955	5091052	1314	110073751
32657932	5091052	1314	110061104
31582697	5091052	1314	110062115
32326649	5091052	1314	110063189
32261735	5091052	1314	110059857
32477182	5091052	1314	110060793
30116891	5091052	1314	110030713
27705859	5091052	1314	110061917
27688364	5091052	1314	110058375
27433640	5091052	3040	110052705
28173989	5091052	4479	109996039
30178590	5091052	11569	110017076
32739341	46	11569	110066580
32313943	46	11569	110064596
31753001	46	11569	110069843
32495298	46	11569	110052599
32287849	46	11569	110053848
31396813	46	71	110072927
32387997	46	71	110055677
32621532	899	71	109996831
32277506	899	71	110058798
31529765	899	71	110026840
27880888	899	19430	110047507
31282299	899	19430	110062660
32518181	899	19430	110051116
32058545	899	19430	110053015
32565852	899	19430	110054792
32795105	1692	19430	110061988
31250764	1692	19430	110067948
32481495	1692	19430	110050815
32071326	1692	19430	110028307
32632236	1692	19430	110060242
32747156	560	19430	110064384
29420908	560	15875	110063169
32781911	560	15875	110061130
32423199	560	15875	110066426
32613386	65	15875	110052593
30134678	65	11224	110061146
32419468	65	11224	110056739
32127284	65	11224	110055516
32270010	65	11224	110030945
31567320	65	11224	110005674
32614046	65	11224	110070332
32052671	65	11224	110045050
32350959	65	11224	110057850
32589159	2679	11224	110048186
28309791	2679	11224	110055001
27716504	2679	2096	110056325
28168648	2679	24945	110053312
31115472	2679	4474	109737293
32650593	1742	4474	110035214
32084777	1742	4474	110053401
31013443	1742	1747	110057367
32923369	1742	1747	110050838
32814002	1742	1747	110061064
31733861	1742	1747	110090458
32498874	1334	1747	110129839
31940904	1334	1747	110006543
32526742	460	1747	110079996
28699502	460	15003	110061623
32901401	2882	15003	110061977
32523881	526	15003	110043673
31720325	526	15003	109951625
32492111	526	15003	110050034
32545549	682	15003	110022959
31474844	682	911	110008244
32573456	1150	911	110053742
32476251	1945	911	110057945
32166908	1945	911	110051645
32391087	1945	911	110063069
28690219	1945	7224	110010022
28221550	1945	31640	110015604
32390406	1945	31640	109989971
32851873	1945	31640	110009468
32756033	2074	31640	110046134
32018538	2074	31640	110050855
32417147	2074	31640	110042482
32718579	2261	31640	109968828
31152024	2261	2591	110057587
32286171	2261	2591	110096128
32646936	4331	2591	110034338
31700787	4331	2591	109992276
32479717	2094	2591	110031541
31304925	2094	422	110024214
29134106	2094	17358	110063753
32846129	2094	17358	110053420
32793194	4400	17358	110053480
31816098	4400	17358	110060603
32735408	1317	17358	110070202
32522066	1317	17358	110069834
31404618	1317	4273	110023805
31449978	1317	1473	110062352
32984551	1952	1473	110050960
32459379	1952	1473	110068289
32933662	494	1473	110064090
33154869	4434	1473	110056529
32257153	4434	1473	110055489
32371696	4434	1473	110040353
32561083	1985	1473	110016528
68298074697	193617787	27423174	214111453795
13868631	25293	27423174	110045062
12735190	25293	27423174	110085471
12945115	25293	27423174	110091423
13145582	25293	27423174	110103847
12875365	25293	27423174	110100219
12890163	25293	27423174	110101219
12682426	25293	27423174	110098114
12976740	25293	27423174	110085960
13172545	25293	27423174	110094808
12995884	25293	27423174	110040660
13082311	25293	27423174	110064321
13316637	25293	27423174	110104070
13065915	25293	27423174	110099495
12900131	25293	27423174	110103351
13050242	25293	27423174	110088292
12962941	25293	27423174	110099355
13065512	25293	27423174	110097351
13129682	25293	27423174	110117294
13085373	25293	27423174	110055272
13068953	25293	27423174	110116850
13036150	25293	27423174	110101437
12701029	25293	27423174	110110612
13189718	25293	27423174	110089960
13141465	25293	27423174	110101273
13110382	25293	27423174	110094978
12694528	25293	27423174	110093794
13252590	25293	27423174	110088762
13304077	25293	27423174	110086825
13285600	25293	27423174	110108001
12818042	25293	27423174	110047493
13373090	25293	27423174	110081746
13255154	25293	27423174	110102303
12996350	25293	27423174	110103266
13122610	25293	27423174	110053497
13175721	25293	27423174	110098031
12950642	25293	27423174	110113902
13238765	25293	27423174	110063705
12730281	25293	27423174	110102797
13496526	25293	27423174	110107531
15648504	78001	27423174	110091135
13805930	78001	27423174	110014410
13826076	78001	27423174	110098660
14100096	78001	27423174	110120265
14184178	78001	27423174	110100880
14033042	78001	27423174	110096071
14105030	78001	27423174	110139467
14055474	78001	27423174	110121034
14172040	78001	27423174	110088917
14094504	78001	27423174	110063653
14262994	78001	27423174	109986103
14157697	78001	27423174	110052342
13942869	78001	27423174	110050899
14446271	78001	27423174	110055393
14425201	78001	27423174	110048363
14283263	78001	27423174	110047347
13898890	78001	27423174	110064453
14222069	78001	27423174	110042501
14045563	78001	27423174	110048109
14133655	78001	27423174	110044062
13998990	78001	27423174	110047643
14239503	78001	27423174	110049294
14166126	78001	27423174	110055170
14277285	78001	27423174	110062085
13772798	78001	27423174	110051843
14279669	78001	27423174	110041152
14303815	78001	27423174	110048102
14297862	78001	27423174	110048010
14025916	78001	27423174	110046930
14234558	78001	27423174	110046951
14395915	78001	27423174	109991499
14001684	78001	27423174	110060700
14160217	78001	27423174	110055066
14360353	78001	27423174	110047770
13843767	78001	27423174	110045395
14212984	78001	27423174	110044042
14076691	78001	27423174	110047748
13985630	78001	27423174	110052162
14316018	78001	27423174	110046760
15355018	18740	27423174	110048345
15650569	1251	27423174	110047135
14777861	1251	27423174	110038624
14886728	1251	27423174	110045839
15340197	1251	27423174	110116863
14936459	1251	27423174	110046477
15007204	1251	27423174	110058391
14906542	1251	27423174	110044193
15214166	1251	27423174	110045477
15064748	1251	27423174	110036003
15187626	1251	27423174	110033013
15145744	1251	27423174	109990943
15280308	1251	27423174	110040867
14956325	1251	27423174	110041931
15069772	1251	27423174	110051730
15136267	1251	27423174	110052382
15013436	1251	27423174	110042600
14995809	1251	27423174	110004099
14857155	1251	27423174	110032234
15086144	1251	27423174	110002902
14850347	1251	27423174	110035251
15067521	1251	27423174	110030586
14746458	1251	27423174	110037198
15197340	1251	27423174	110029570
15058984	1251	27423174	110042759
15262173	1251	27423174	110055337
14711563	1251	27423174	110043364
15087149	1251	27423174	110026743
15445813	1251	27423174	110037640
15357172	1251	27423174	110026278
14844052	1251	27423174	110038513
15097838	1251	27423174	109955904
15282438	1251	27423174	110037620
14826125	1251	27423174	110036775
15139602	1251	27423174	110034806
14903223	1251	27423174	110044198
14966193	1251	27423174	110004288
15075515	1251	27423174	110026070
14686735	1251	27423174	110024655
14846352	1251	27423174	110026108
93964802230	257994544	37275147	300360749781
