29786591	608660	347579	103131572
32681231	1340488	351985	109836237
82846776	2220330	824723	263166516
1196339707	32180759	12586988	3913073809
1196339707	32180759	1312229	64014261
17154300	32180759	1312229	111712812
22509665	32180759	1312229	111128874
26433283	32180759	1312229	110917327
27191615	32180759	1312229	110695439
27685346	32180759	1312229	110502741
28368839	32180759	1312229	110449703
28750190	32180759	1312229	110376578
29065862	32180759	1312229	110311966
27516026	32180759	1312229	108820102
28025645	32180759	1312229	110243302
28291350	32180759	1312229	110194764
28539369	32180759	1312229	110172203
28662269	32180759	1312229	110149906
28827180	32180759	1312229	110147381
29002542	32180759	1312229	110119131
29098707	32180759	1312229	110107775
29048168	32180759	1312229	109964310
29265700	32180759	1312229	110088024
29223234	32180759	3600	110079314
29310600	32180759	8215	110071036
29196000	32180759	27350	110063259
29375493	32180759	21677	110076452
29378632	32180759	27359	110069433
29443453	32180759	30521	110051310
29347250	32180759	39344	110011406
29374743	32180759	39013	110046288
29409384	32180759	42147	110041937
29445648	32180759	45167	110034674
29387617	32180759	55401	110031704
29508963	32180759	50187	110029216
29420109	32180759	58685	110030210
29522231	32180759	56676	110028145
29590151	32180759	59861	110025049
29649350	32180759	57567	110023080
29653690	32180759	59886	110022565
29677980	32180759	61144	110017300
29649401	32180759	65939	110016971
29710894	32180759	64918	110016715
29719261	32180759	65567	110022540
29735034	32180759	66843	110012386
29676134	32180759	71525	110011780
5019309414	15655674	20529164	18239533153
