29327278	605856	350574	101755247
32459648	1330538	354185	109484313
80123382	2108702	784201	253873739
1186358529	31726709	12481234	3887403546
1186358529	31726709	1128177	101322240
53207859	31726709	1128177	212940321
6836654	31726709	1128177	111136806
12178318	31726709	1128177	110867170
14097114	31726709	1128177	110698208
18485935	31726709	1128177	110579167
19373219	31726709	1128177	110482147
20689738	31726709	1128177	110383045
21705051	31726709	1128177	110372096
22583071	31726709	1128177	110319006
23174675	31726709	1128177	110196229
23498677	31726709	1128177	110293744
24004564	31726709	1128177	110251849
25443920	31726709	1128177	110180327
25744287	31726709	1128177	110044764
26689877	31726709	1128177	110175439
26338235	31726709	1128177	110171768
27032653	31726709	1128177	110154514
27104382	31726709	1128177	110064951
27128972	31726709	1128177	109622580
26462568	31726709	1128177	108294026
27293320	31726709	1128177	110143107
27593820	31726709	1128177	110139217
27558651	31726709	2649	110124866
27549224	31726709	7828	110117004
27603393	31726709	13550	110125553
27659689	31726709	17994	110120197
27529309	31726709	21664	110157758
26901209	31726709	23244	110180262
27113796	31726709	27339	110088124
27680081	31726709	32100	110024543
27935657	31726709	35408	110054819
27816707	31726709	38342	110094646
27918715	31726709	39437	110098883
27839956	31726709	42841	110100812
27950027	31726709	45152	110110180
27774100	31726709	46734	110116642
27918881	31726709	48595	110095389
28020117	31726709	50405	110054580
28005619	31726709	51808	110099753
27980640	31726709	53333	110087818
27807236	31726709	53344	110120278
27519628	31726709	54354	110089145
27422430	31726709	54964	110052530
27437547	31726709	56237	110021942
27990043	31726709	59117	110089870
27961886	31726709	60536	110091004
27933258	31726709	60773	110083343
27781706	31726709	76018	110092986
28043719	31726709	67930	110090644
28058032	31726709	63397	110087321
28083659	31726709	63796	110082931
28132945	31726709	65022	110023367
28067016	31726709	65774	109941081
27996815	31726709	66380	110032201
28198974	31726709	66898	110090177
28110643	31726709	67652	110082240
27807877	31726709	67049	110097652
27525665	31726709	66870	110003870
27192698	31726709	68125	108748515
27231749	31726709	68660	109076645
28148557	31726709	69583	110076360
28117951	31726709	70596	110032708
28186754	31726709	70759	110002982
28240219	31726709	70990	110066047
28164012	31726709	71916	110076894
28119591	31726709	71988	110079231
28193749	31726709	72222	110077430
27980363	31726709	72329	110106428
28158704	31726709	72837	110103386
28191362	31726709	73117	110076350
28228707	31726709	73818	110079959
28166819	31726709	73709	110076139
28153765	31726709	74158	110081492
28153748	31726709	74540	110074205
28179592	31726709	74562	110061478
28127375	31726709	74831	110003175
28159140	31726709	75391	110010962
28154038	31726709	74852	110063993
28120029	31726709	75655	110075261
28149534	31726709	75548	110057933
27827158	31726709	92442	110025109
28224753	31726709	76051	110041329
28172700	31726709	76193	110077835
28169124	31726709	76551	110062718
28203266	31726709	76697	110061184
28172075	31726709	77036	110064559
28240317	31726709	76471	110064375
28292854	31726709	77052	110063390
28172519	31726709	77532	110079541
28229189	31726709	77440	110069842
28193254	31726709	77676	110056765
28157222	31726709	78502	110047012
28187575	31726709	77921	110062540
28205196	31726709	77985	110065653
28146738	31726709	78059	110018497
28294869	31726709	77843	110074950
28170978	31726709	78799	109839281
28142816	31726709	78389	110002438
27574256	31726709	79522	107802166
28105104	31726709	79042	109981664
28217941	31726709	78793	110071253
28190250	31726709	79133	110082173
27857178	31726709	92063	110080998
28160144	31726709	81233	110067174
28223260	31726709	78617	110070696
28161340	31726709	79236	110064475
28192820	31726709	79570	110063326
28226779	31726709	79515	110070876
28194898	31726709	79795	110049154
28162191	31726709	79711	110041704
28217516	31726709	79773	110001515
28178335	31726709	79894	110075158
28123633	31726709	80037	110070849
28207486	31726709	79297	110068672
28234555	31726709	79986	110068104
28196025	31726709	80028	110154301
28211071	31726709	80304	109989229
28245306	31726709	80036	110023703
28226764	31726709	80347	110001482
28267881	31726709	80287	110060524
28191350	31726709	80871	110060401
28158177	31726709	80213	110072835
28157230	31726709	80530	110070846
28194596	31726709	80657	110066106
28296859	31726709	80671	110070947
28234247	31726709	80787	110070053
28281694	31726709	80871	110066437
28145823	31726709	80725	110067102
28225505	31726709	80832	110074061
28251298	31726709	80987	110071025
28276940	31726709	80384	110070585
28239803	31726709	81162	110071154
28220491	31726709	81285	110062338
28236827	31726709	81111	110045662
28191906	31726709	81048	110045991
27851798	31726709	95609	110059228
28211825	31726709	81628	110031580
28207115	31726709	81310	110063655
27468802	31726709	82256	107857450
28186520	31726709	80843	110067404
28250182	31726709	81430	110063375
28196077	31726709	81393	109996266
28176301	31726709	81702	110079384
28247179	31726709	81531	110064818
28175119	31726709	81671	110060204
28172743	31726709	81767	110059578
28225535	31726709	81632	110057066
28236342	31726709	81872	110061348
28276725	31726709	81274	110071565
28207535	31726709	81797	110073874
28299426	31726709	81780	110066034
28236758	31726709	81933	110062330
28255275	31726709	81988	110075975
28183432	31726709	82318	110076694
28195343	31726709	82060	110059262
28161681	31726709	81956	110038836
28232622	31726709	81715	109962670
28282480	31726709	82086	109992018
28238231	31726709	82121	109980125
28270060	31726709	82003	109998668
28137762	31726709	81930	110005682
28276415	31726709	82005	110057015
28199486	31726709	82197	109968346
28339835	31726709	82124	110071095
28227651	31726709	82362	110055975
28253191	31726709	81809	110058111
28232052	31726709	82375	110060189
28097746	31726709	86425	110046150
27963094	31726709	92110	110070968
28256481	31726709	82486	110083004
28223026	31726709	82437	110077891
28224660	31726709	82414	110066790
28247216	31726709	82481	110054494
28174673	31726709	82613	110047689
28290669	31726709	82029	110064195
28239034	31726709	82554	110054884
28199781	31726709	82739	110028614
28170244	31726709	82811	110062170
27457114	1149	83402	107877947
28210390	1149	82521	110068118
28206525	1149	82585	110066071
28319298	1149	82549	110060111
28216040	1149	82734	109974063
28206629	1149	82139	110083819
28299022	1149	82657	110077753
28101752	1149	86713	110063195
28006830	1149	92022	110056924
28216803	1149	82799	110063659
28225022	1149	82740	110070541
28215549	1149	82686	110071913
28237923	1149	82722	110079212
28230452	1149	83157	110067230
28268369	1149	82269	110072554
28193876	1149	83016	110082055
28193081	1149	83028	110073712
28196305	1149	82759	110007901
28248950	1149	83046	110035929
28203301	1149	82939	110070194
28197198	1149	82946	110070345
28200656	1149	82964	110073752
28197682	1149	82991	110064324
28307307	1149	82648	110065016
28252883	1149	83028	110063415
28306609	1149	82951	110076839
28232051	1149	82879	110064518
28214694	1149	82890	110054935
28218886	1149	83090	110063997
28291638	1149	82874	110060044
28203605	1149	83420	110040773
28213839	1149	82674	110071947
28244627	1149	83112	110062815
28241597	1149	83046	110066216
28221382	1149	83090	110068652
28189697	1149	83264	110070109
28298512	1149	83059	110062301
28220055	1149	83244	110060752
28260013	1149	83238	110033134
28263199	1149	83229	110053336
27419005	1758	96849	108805274
28258006	1758	83084	110033733
28228754	1758	83178	110034825
28251150	1758	83034	110038743
28236762	1758	83133	110049129
28257697	1758	83467	110079164
28204821	1758	83342	110069617
28254011	1758	83071	110056782
28194581	1758	83283	110009254
28208586	1758	82783	109979144
28222139	1758	83312	110054564
28272765	1758	83271	110066207
28234755	1758	83264	110070693
28174316	1758	83201	110065335
28178996	1758	83448	110063566
28235921	1758	83408	110064218
28234218	1758	83264	110071860
28290963	1758	83035	110026726
28302592	1758	83262	110034742
28208929	1758	83112	110051198
28217278	1758	83409	110050848
28230993	1758	83266	110078660
28260885	1758	83344	110070103
28221360	1758	83330	110067487
28195392	1758	83397	110077006
28273048	1758	83450	110157695
28211570	1758	82838	110075974
28248475	1758	83423	110071881
28209686	1758	83255	110067940
28279163	1758	83328	110066650
28220957	1758	83381	110019583
28270892	1758	83414	109915583
28221719	1758	83533	110016232
27932193	1758	96354	110076330
28233652	1758	83577	110064163
28288246	1758	82960	110070843
28246551	1758	83557	110064802
28224906	1758	83521	110023737
28220039	1758	83821	110044513
28227260	1758	83578	110069585
27825348	1933	84346	109083710
28184970	1933	83726	110075607
28239017	1933	83569	110060971
28269976	1933	83498	109997539
28191470	1933	82916	109933894
28241362	1933	83537	110055773
28191470	1933	83662	110074491
28181299	1933	83703	110067712
28225659	1933	83700	110057413
28234048	1933	83593	110061842
28264982	1933	83478	110067021
28354959	1933	87212	110089891
28190457	1933	83870	110092880
28173304	1933	83854	110070490
28195784	1933	83705	110056874
28152664	1933	83671	110038413
28224015	1933	83357	110054088
28203631	1933	83674	110062354
28140230	1933	83932	110030962
28217840	1933	83733	110068515
28200313	1933	83645	110075252
28197550	1933	83619	110080860
28129760	1933	83501	110077326
28164581	1933	83771	110075250
28188016	1933	83390	110052033
27890542	1933	96089	109974665
28178290	1933	83804	109982778
28201535	1933	83609	110069863
28137192	1933	83678	110072081
28271610	1933	83666	110074699
28220217	1933	83697	110076648
28272648	1933	83715	110079554
28275848	1933	87938	110079949
28165033	1933	83823	110052988
28186727	1933	83814	110052993
28176846	1933	83884	110068041
28212256	1933	83752	110056845
28193855	1933	83810	110012439
28157618	1933	83509	110005846
28270173	1933	83735	110070092
27756860	2573	84736	109076046
28186330	2573	83751	110073308
28181308	2573	84001	110069930
28223006	2573	83749	110061568
28224988	2573	83756	110070712
28181877	2573	84105	110070282
28177623	2573	83951	110055719
28187707	2573	83400	110062668
28152561	2573	83731	110066561
28221937	2573	83922	110073942
28061712	2573	84171	109823723
28178669	2573	83752	110023672
28198329	2573	84038	110069711
28191933	2573	83743	110039355
28134659	2573	83564	110002225
28248195	2573	86809	110013724
28164141	2573	83807	110058051
28160129	2573	83924	110051531
27911495	2573	96625	110024921
28614717	2573	85372	111821194
28167782	2573	83248	110116915
28147764	2573	83658	110117416
28212397	2573	83773	110121063
28202767	2573	83635	110138917
28181291	2573	83617	110162024
28154652	2573	83565	110145889
28162183	2573	83685	110107555
28159685	2573	83762	110115501
28170915	2573	83743	110103556
28171295	2573	83154	110093524
28201347	2573	83802	110144235
28157886	2573	83691	110158228
28214103	2573	83675	110144065
28138405	2573	83714	110151977
28164090	2573	83618	110128261
28162516	2573	83693	110149088
28189835	2573	83746	110137342
28246391	2573	83203	110131563
28109642	2573	84220	110103350
28166989	2573	83729	110108284
27751992	3202	84792	109101358
28163088	3202	83742	110163601
28162487	3202	83786	110157935
28161817	3202	83818	110143593
28172880	3202	83722	110135434
28217174	3202	83904	110148347
28186910	3202	83295	110149693
28141886	3202	83319	110148072
28114413	3202	83799	110146762
28186667	3202	83921	110152943
28018698	3202	90199	110144147
28020267	3202	89510	110149202
28172249	3202	83770	110150018
28200548	3202	83871	110150912
28149818	3202	83792	110151162
28220986	3202	83289	110150524
28181979	3202	83908	110182012
27957545	3202	95823	110134444
28151945	3202	84139	110098026
28163284	3202	83861	110141235
28210033	3202	83665	110122560
28163264	3202	83800	110065494
28144260	3202	83846	110083641
28101280	3202	83820	110143767
28195538	3202	83312	110141459
28184928	3202	83860	110147791
28130824	3202	83883	109967907
28174965	3202	83841	110160344
28118050	3202	83982	110113058
28196292	3202	83687	110118262
28183833	3202	83874	110144168
28174021	3202	84131	110157375
28137456	3202	83393	110172236
28318008	3202	86785	110189906
28093580	3202	83974	110116607
28171448	3202	83446	110132867
28172332	3202	83869	110151932
28161039	3202	83916	110131637
28149047	3202	84102	110114967
27904222	1455	84123	109498853
27973212	1597	84300	109805825
28156100	1597	83918	110231478
28173111	1597	83859	110149157
28127299	1597	83947	110127341
28132154	1597	83080	110140042
28187008	1597	83844	110147467
28182440	1597	83929	110152253
28151951	1597	83828	110132153
28172956	1597	83993	110142541
28155671	1597	84047	110140158
27931890	1597	95941	110151072
28160710	1597	83898	110157291
28183852	1597	83508	110154738
28188598	1597	83973	110154442
28149852	1597	83995	110119687
28142360	1597	83815	110138468
28108550	1597	83815	110146217
28152996	1597	84168	110105093
28163494	1597	84091	110136897
28174613	1597	84303	110170291
28183655	1597	84051	110161319
28176029	1597	83560	110146015
28176183	1597	83952	110143224
28172800	1597	84216	110139382
28171369	1597	84340	110096819
28139784	1597	83869	110057928
28142484	1597	83827	110091312
28134510	1597	84020	110082939
28188369	1597	83964	110129070
28168162	1597	84194	110110562
28184183	1597	83978	110135164
28188896	1597	83981	110156365
28128250	1597	83571	110141114
27860935	1597	82877	110106891
27758769	1597	82698	110044613
27774257	1597	82543	110032760
27698190	1597	82510	110025459
27717276	1597	82322	109999274
27734197	1597	82540	110018300
27370827	3443	83339	109031505
27724659	3443	82218	110022209
27765655	3443	82718	110018302
27764626	3443	84868	110016107
27610648	3443	92349	110036631
27777987	3443	82838	110017582
27808560	3443	82677	110030521
27801795	3443	82742	110015914
27780272	3443	82594	110015243
27751377	3443	82527	110015661
27747432	3443	82627	110016648
27796182	3443	82681	110015496
27808609	3443	82695	110013682
27782851	3443	82375	110016730
27794644	3443	82611	110004455
27777347	3443	82744	110016747
27796140	3443	82656	110015455
27787893	3443	82765	110023167
27766195	12	83125	109987382
27758856	12	82712	110017962
27760586	12	82705	110021744
27776917	12	82901	110026363
27740532	12	82501	110011685
27693087	12	82512	110010261
27737461	12	82027	110004859
27717103	12	82553	110008641
27740115	211	84256	110008066
27739057	211	82170	110012251
27760266	211	84023	110018602
27794267	211	82774	110011628
27782062	211	82686	110013308
27773640	211	82775	110010969
27772083	211	82934	110010762
27772285	211	82819	110011850
27768037	211	82761	110013076
27783250	211	82608	110010641
27687357	211	82418	110007347
27730801	211	82529	110010665
27708352	85	82639	109982088
27720638	85	81792	110007676
27366934	3748	83579	109018027
27735018	3748	82745	110014953
27709492	3748	82544	110008267
27716178	3748	82537	110025150
27720479	3748	82574	110011674
27508530	3748	94223	110010143
27739163	3748	82734	110009664
27724337	3748	82496	110015236
27732870	3748	82570	110014825
27687009	3748	82481	110008477
27729412	3748	82620	110013741
27765151	0	82393	110007855
27783307	0	82883	110015568
27903460	0	83188	110006201
27861853	0	82966	110025502
27687881	0	82477	110014373
27697958	0	82596	110014024
27716843	0	82523	110007841
27682419	89	82590	109982572
27713768	89	82360	110013782
27704738	89	82034	110010975
27694748	89	82367	110015045
27738039	89	82031	110011241
27712175	89	82389	110014637
27787746	89	82768	110009614
27775062	89	82931	110003916
27787445	89	82929	110019942
27795190	4	82995	110007038
27778588	4	82706	110005523
27769889	4	82588	110007457
27783879	4	82801	110007592
27797849	4	82593	110012158
27738289	23	82548	110006607
27795559	23	82310	110007836
27956270	23	83220	110021761
27765974	23	82751	110017316
27780528	23	82762	110003475
27786113	22	82904	110006853
27556417	165	94357	109987375
27769943	165	82725	110005216
27393829	3691	83431	109018062
27783041	17	82773	110012414
27791112	67	82740	110004041
27789609	67	82707	110015102
27774029	67	82676	110001949
27796159	67	82190	110005679
27759147	67	82714	110004520
27773796	29	82867	110005659
27855930	29	83020	110001459
27998519	29	83622	110003367
27740842	280	83050	109991233
27710815	27	82571	110006905
27771449	90	82649	110013943
27772719	90	82248	110011745
27753411	90	82502	110003970
27762061	90	82724	110008263
27789739	4	82360	110007179
27766577	113	83137	110004981
27742778	217	83318	109982633
27769346	217	82991	110007928
27739383	92	82800	110014168
27784849	92	82787	110016590
27773019	64	82758	110007865
27764404	62	82872	110090163
27717966	62	82561	109998749
27692224	90	82662	110014245
27711030	90	82528	110011875
27736024	104	82126	109999899
27713937	7	83802	110000145
27808361	7	84420	110006004
27798947	37	82403	110001116
28048610	6	84434	109999719
27822141	64	83336	110020888
27794386	55	83160	110001391
27769774	86	83132	110014626
27775649	24	82917	110004990
27787878	16	82857	110004751
27767948	27	82619	110002596
27689224	346	82985	109980319
27721500	35	82351	110007524
27336903	3764	83219	109016589
27704483	132	82625	110019040
27709073	36	82649	110001705
27786117	207	82205	110000773
27688266	44	82679	110001387
27727084	30	82455	110002469
27707630	34	82449	110004476
27723691	30	82783	110008869
27715982	117	82799	110011814
27798917	63	83247	110019007
27755298	32	83018	110005574
27784939	43	82941	110004496
27764688	37	82871	110007282
27785382	140	82915	110006682
27592097	59	94595	110004049
27793267	49	82947	110004327
27781442	107	82352	110003752
27772278	45	82878	110004579
27738476	356	83499	109973457
27762597	80	82710	110002344
27750418	58	82600	110004704
27780295	57	82908	110006181
27781041	65	82565	110004591
27783613	151	82967	110006484
27781996	88	82656	110004627
27743714	80	82926	110002282
27730871	84	82870	110003650
27737297	94	82307	110002788
27698843	159	82752	110006639
27675150	179	82614	110011178
27730988	68	82511	110008147
27729767	77	82562	110009012
27707659	78	82415	110003120
27700461	144	82532	110003735
27708798	121	82443	110002801
27672379	179	82671	110020360
27762584	93	82425	110015034
27723399	126	82859	110003916
27741078	441	82747	109976325
27786311	144	82594	110003912
27398693	3917	83995	109030765
27760664	94	82785	110004920
27786327	81	82503	110001838
27746771	88	82799	109998845
27759579	217	82943	109997951
27760937	91	82763	110001892
27761119	87	82531	109998140
27588188	103	94153	109997476
27773968	96	82861	110014853
27742630	191	82907	110001401
27797361	146	82501	110001378
27751451	109	83178	109999895
27748024	109	82625	110001364
27709149	248	82607	109997867
27776367	184	82974	109990944
27789556	121	82608	109995577
27766093	113	82754	110007514
27701317	221	82498	109995133
27700911	361	83080	109968766
27712025	245	82934	110001346
27726571	159	82819	109999218
27714444	143	82739	110001381
27785942	202	82372	109996114
27756688	149	82552	109994913
27763835	243	82927	110005471
27847136	161	82945	109996231
27983239	139	83481	109996480
27959298	149	83348	109998074
27752793	145	82852	109998187
27744605	232	82569	110001492
27716402	453	83042	109956873
27623284	248	93892	110006043
27759543	160	83582	109999080
27796078	169	82329	109998576
27772941	307	83067	109997651
27777984	161	82990	109997831
27791051	145	82999	109996996
27791072	149	83015	109997507
27771992	354	83239	109976299
27766605	237	82861	110005797
27320093	3961	83480	108851666
27914513	164	83319	109972067
27939562	154	83222	109967360
27781681	151	82956	109964907
27803091	303	82509	109980869
27771388	180	82842	109988113
27788369	168	82972	109985615
27802432	185	82960	109986530
27782431	162	82684	109984808
27770495	156	82759	109916724
27760783	252	82599	109970989
27746828	159	82844	109968547
27803643	165	83040	109969451
27780029	172	82882	109983870
27774023	169	82708	109994265
27805605	275	82180	109997353
27774410	186	82846	109993244
27788756	162	83153	109992132
27746251	409	83106	110002071
27873679	185	82925	109967874
28128028	367	84422	109993313
28132408	178	83941	109992388
28115999	175	84142	110032081
28158054	188	84018	110048326
27953384	173	95320	110045262
28152490	306	83733	110047749
28158420	199	84210	110076595
28157559	179	84273	110061772
28147583	192	84320	110056203
28164110	184	84410	110070872
28152127	268	84439	110070439
28165463	206	84385	110064175
28138943	192	84017	110072350
28178288	235	83679	110065833
28149111	213	84183	110065054
28157209	263	84172	110061475
28159287	208	84294	110067772
28145934	195	84309	110076611
28115182	335	84341	110011202
28163962	130	84402	110076253
27713824	3631	85427	108946427
28149712	126	84130	109973968
28160968	127	83508	110025932
28122053	118	83925	110051209
28138905	204	84385	110051826
28141095	298	84313	110068022
28183668	266	84574	110163297
28153644	198	83907	110065874
28151303	201	83979	110064232
28140574	316	84628	110064615
28167190	268	84463	110075607
28154104	289	83812	110075604
28166267	224	84019	110081378
28131337	228	84129	110055417
28146061	199	84012	110053314
28145975	365	84308	110065722
28147902	240	84077	110103158
27979750	216	95590	110067971
28091941	463	84131	110035677
28172645	272	84023	110065902
28135411	221	84221	110059558
28158606	327	84405	110064686
28171279	226	84324	110017879
28144738	218	84290	109958872
28150832	223	84165	110000658
28140893	227	83831	109971214
28139362	319	84322	110060065
28159484	248	83975	110054067
28160302	265	83814	110059033
28154394	232	84182	110066218
28145664	235	84411	110064053
28149557	320	84238	110068554
28141520	247	84293	110044387
28142134	298	84125	109991860
28121561	310	84175	110028723
28132490	242	83775	110066804
28136909	382	84310	110073351
28177448	273	83737	110066127
28126967	485	84167	110033743
28090486	615	84126	109918242
27761303	3495	85128	109157090
28097588	374	84722	110061251
28138061	261	84189	110062728
28145570	245	84061	110055260
28131262	253	84753	110031110
28136592	243	84245	109999875
28151425	316	84433	110079565
27993315	312	95411	110062290
28094430	235	84469	110053035
28126082	556	84319	109880726
28041889	774	84950	109955705
28093340	361	83915	110051523
28133902	268	84234	110058946
28157630	272	84145	110065716
28151053	271	84055	110054224
28141411	253	84099	110051238
28125620	327	84505	110057350
28174312	332	83520	110054177
28110675	506	84256	110029272
28084796	381	84371	109992415
28142150	251	84090	110106374
28164520	331	84163	110136381
28137108	292	83887	110136213
28156248	248	83997	110135803
28161544	255	84127	110153075
28148337	282	83937	110169964
28153901	283	83464	110147495
28143915	354	83907	110145197
28153834	262	84128	110140981
28166631	258	83906	110140166
28175576	277	84032	110179011
28168960	250	83887	110104467
28094561	552	84016	109914079
28156317	299	84075	110132084
28161468	292	83725	110135518
28162929	302	84047	110149713
28162604	271	84073	110140730
28151466	396	84126	110129219
28121369	511	84247	110109398
27886983	2234	84411	109404145
27806893	2172	95987	109807885
28164355	286	84064	110160620
28136244	385	84165	110133979
28147093	319	83502	110132371
28096600	277	83882	110136296
28154943	274	84230	110141007
28135144	282	84059	110138355
28143922	353	84074	110132866
28140868	290	83830	110141207
28164700	275	83867	110140623
28158328	275	83942	110147570
28161643	292	84169	110154732
28154360	385	84059	110147118
28152586	290	83961	110147523
28141884	281	84131	110152551
28153120	300	83829	110146383
28157911	273	84201	110190861
28134843	578	84263	110107355
28118020	253	84080	110136739
28148295	202	83755	110147453
28164230	209	83885	110150657
28187712	232	83670	110157088
28162544	326	84217	110174386
28146439	311	83823	110145424
28152726	284	83843	110148277
28163899	295	84137	110148837
28143710	279	83913	110148573
28151008	360	84345	110171461
28114909	376	84080	110084278
28161430	368	83324	110128917
28161617	298	84272	110139398
28161882	301	84133	110138687
28085165	363	88798	110149684
28051018	371	90746	110142349
28895714	327	86302	113013573
28137734	346	83879	110120446
28117104	297	83897	110189970
28094379	603	83985	110132055
28111420	364	84117	110140269
27732056	3675	85170	109094009
28102273	340	83926	110151590
28150560	285	83803	110160797
28152210	208	84018	110150367
28146592	327	84117	110148335
28162749	237	84011	110150522
28151234	213	84149	110147155
28167742	255	83700	110145670
28141573	206	84075	110129875
28139973	303	84115	110116645
28154973	224	84011	110087820
28120669	283	84054	110086042
28049492	304	91187	110139206
28091366	316	88827	110178420
28139753	384	84071	110141147
28135927	315	83980	110146150
28187504	344	83695	110146493
28153994	316	84079	110147829
28142454	548	84091	110118091
28151509	364	84132	110135251
28159965	277	84012	110146598
28161668	239	84136	110142192
28141227	250	84050	110136880
28143316	260	84229	110142957
28183500	356	83397	110124828
28130728	258	83879	110123002
28143768	254	84040	110129405
28132192	263	83999	110142290
28164132	293	84369	110260198
28116821	347	83891	110136887
28129578	496	84182	110108448
28132166	355	84012	110097406
28148854	333	84155	110042011
28163284	376	83434	110082917
28141534	457	84203	110141177
28142791	331	83811	110142499
28161339	312	84039	110134772
28148021	332	83961	110133485
28130267	457	84089	110108088
27985589	376	83625	110087271
27368803	3820	83649	109026884
27817145	297	82933	110001209
28132495	281	83494	110042214
28143177	331	84148	110047995
28132577	408	84084	110032504
27967074	352	95573	110010703
28141824	321	84370	110030344
28148296	334	83941	110065902
28143819	324	84001	110053494
28149264	330	83967	110060230
28152882	396	84093	110062892
28147477	350	83319	110055937
28148034	322	83975	110057500
28152096	329	84021	110035568
28124920	330	84037	110013356
28128931	424	84271	110056652
28159046	333	83961	110053161
28154757	333	83740	110052784
28128079	540	84140	110014769
28107033	380	83890	110096325
27786521	474	82699	110071849
27762723	337	82816	110004476
28026488	327	83455	109992552
28138088	334	84107	110042789
28123930	337	84135	110058726
28136879	407	84077	110064861
28150805	343	84144	110055744
28154894	328	83960	110045215
28141313	352	83920	110027668
28136781	364	83380	109998389
28156958	414	84091	110048846
28140426	443	84193	110049491
28145690	316	84006	110052944
28143496	339	84090	110066439
28137241	404	84108	110047638
28149615	429	84211	110060769
28142004	354	84194	110071354
28138028	360	83688	110053051
27940573	552	95805	110021654
27972564	273	83681	110085218
27365759	3955	83405	108996096
27805767	256	82935	109915311
28153636	249	84068	110043003
28133618	267	83714	110009128
28126546	242	83871	110048565
28152974	315	83923	110068811
28148241	271	84170	110073120
20846033	272	41375	110059164
97046068778	19608283	298710859	380402822976
