31880836	658013	357857	108595475
32911633	1328868	336047	109725146
88504344	2351370	884691	284222711
1200347841	32414457	13004509	4006808060
1200347841	32414457	732479	27759407
23763244	2828267	375497	154867313
0	0	0	0
0	0	0	0
0	0	0	0
0	0	0	0
0	0	0	0
0	0	0	0
195941740	6142438	2263029	691303269
0	0	0	0
0	0	0	0
0	0	0	0
0	0	0	0
0	0	0	0
0	0	0	0
0	0	0	0
213221946	7784787	2462745	788755491
0	0	0	0
0	0	0	0
0	0	0	0
0	0	0	0
0	0	0	0
0	0	0	0
186144719	8892903	2168949	757834304
186144719	1645173	2168949	18562267
0	0	0	0
0	0	0	0
0	0	0	0
0	0	0	0
0	0	0	0
0	0	0	0
183805616	8273167	2139825	731763200
183805616	4017296	2139825	43896518
183805616	2953556	2139825	34139899
0	0	0	0
0	0	0	0
0	0	0	0
0	0	0	0
0	0	0	0
0	0	0	0
0	0	0	0
189024347	10164804	2186421	803985379
0	0	0	0
0	0	0	0
0	0	0	0
0	0	0	0
0	0	0	0
0	0	0	0
0	0	0	0
0	0	0	0
0	0	0	0
0	0	0	0
0	0	0	0
324398542	13531195	3782289	1253689579
324398542	3350743	3782289	32054981
324398542	3263335	3782289	35356097
0	0	0	0
0	0	0	0
0	0	0	0
0	0	0	0
0	0	0	0
0	0	0	0
0	0	0	0
171117029	11803519	1970948	810342638
171117029	2779784	1970948	36792392
171117029	1301032	44845	64809756
171117029	1239786	44845	75499616
171117029	1291756	44845	79259566
171117029	1160828	76407	66543926
171117029	1095791	147667	65247510
3432693652	179648678	44245674	15429608601
3432693652	179648678	19949	370913
0	0	0	0
0	0	0	0
0	0	0	0
0	0	0	0
0	0	0	0
0	0	0	0
72607149	0	4539910	862173661
72607149	0	2873902	115803719
72607149	0	2873902	115825876
72607149	0	2873902	115019461
2944725	0	2873902	114382182
4279677	0	2873902	113875429
8395136	0	2873902	113513032
9668479	0	2873902	113127991
11017818	0	2873902	112777399
11902322	0	2873902	112550172
8438106	0	2873902	112295260
13916572	0	2873902	112151997
17541141	0	2873902	111952895
15292319	0	2873902	111839344
14459199	0	2873902	111722609
15906248	0	2873902	111492950
17006104	0	2873902	111485149
20183451	0	2873902	111394940
18310589	0	2873902	111303218
15975499	0	2873902	111148765
17800163	0	2873902	111153036
17358793	0	2873902	111070263
21485055	0	2873902	111026836
18387737	0	2873902	110965105
38047318	0	2873902	106700984
18304010	0	2873902	110867827
17270903	0	2873902	110834710
19250963	0	2873902	110800786
19171631	0	2873902	110734546
19099782	0	2873902	110601801
19933521	0	2873902	110704428
20317051	0	2873902	110669309
18447364	0	2873902	110631934
19797574	0	2873902	110580542
19349234	0	2873902	110451063
21256867	0	2873902	110545796
20561296	0	2873902	110553399
19563244	0	2873902	110449439
19593429	0	2873902	110479004
19042049	0	2873902	110443356
20946925	0	2873902	110474885
21162673	0	2873902	110446961
20410938	0	2873902	110433148
20367004	0	2873902	110364335
20781777	0	2873902	110369357
20953347	0	2873902	110394735
20336428	0	2873902	110379408
20710447	0	2873902	110365685
20368983	0	2873902	110264948
21435383	0	2873902	110351281
21071444	0	2873902	110347519
21753464	0	2873902	110332253
20307260	0	2873902	110331123
20365914	0	2873902	110311598
21812416	0	2873902	110314457
21643451	0	2873902	110193008
20951726	0	2873902	110296720
20791500	0	2873902	110181373
21591763	0	2873902	110265545
21492248	0	2873902	110257805
21269318	0	2873902	110269925
21265659	0	2873902	110252395
3944878	0	2873902	21895918
34353039	0	66080	179051636
19465659	0	66080	110246772
19840504	0	66080	110190160
20947631	0	66080	110216202
20666604	0	66080	110167803
20718845	0	2698	110159942
20794882	0	2698	110235593
21581513	0	2698	110236986
21256835	0	2698	110224355
20428894	0	2698	110142725
21193083	0	2698	110217879
21490604	0	2698	110218138
21341780	0	2698	110212215
21383169	0	2698	110214599
20440369	0	23677	110109009
21643848	0	23677	110192697
21856434	0	23677	110188187
21589609	0	23677	110182239
21515133	0	23677	110131682
21802760	0	23677	110193059
21735539	0	23677	110162583
21445377	0	23677	110148669
22008784	0	23677	110231374
21747338	0	10154	110117960
21812991	0	10154	110137342
21639161	0	10154	110126358
21965648	0	29576	110169167
21638061	0	29576	110161994
22000604	0	1051	110104417
21885409	0	1051	110134582
21805323	0	24301	110148018
21927091	0	50798	110145458
21608584	0	23052	110088472
21878444	0	23052	110116768
21917868	0	9209	110140113
21924649	0	46505	110153605
22037016	0	34170	110133968
20873171	0	31747	110008021
22007034	0	31747	110078825
22314907	0	34439	110135024
22076105	0	52315	110116587
20774404	0	37670	110009647
21854628	0	10921	110103929
22006824	0	3498	110124211
22187489	0	42352	110137284
21926923	0	44776	110089234
21633747	0	49229	110022125
21974709	0	3525	110122917
22135705	0	14804	110125661
22086283	0	35386	110127829
21906264	0	49926	110079154
22113474	0	15883	110097867
22109304	0	2367	110129752
22109572	0	25449	110119575
22054018	0	19315	110108754
21583757	0	44552	110049672
21992794	0	14476	110116097
22093306	0	16328	110107857
21929400	0	32821	110118464
22027422	0	25143	110109635
21407414	0	35450	110066404
22304263	0	14403	110085487
21946326	0	31745	110110568
22030739	0	3251	110118910
21153975	0	56985	110062463
22153613	0	19798	110057786
22168659	0	9537	110063212
21968975	0	28280	110098032
22138967	0	26033	110103274
21979332	15650	61837	110053568
22253969	15650	20069	110102521
21962383	15650	17451	110099981
22177171	15650	22067	110097725
21905474	15650	53644	110062923
22151581	15650	27850	110064694
22389872	15650	12015	110103441
22088541	15650	17193	110101226
22073685	15650	27179	110101384
21850499	16604	61515	110017386
22259892	16604	28066	110096145
22190722	16604	13739	110093581
22153409	16604	31889	110097086
22262421	16604	32430	110091992
21102659	34754	56607	110003330
22326213	34754	24271	110055735
22131556	34754	24932	110067980
22251859	34754	22591	110100582
21739716	26389	58699	110001551
22120148	26389	48653	110075430
22196447	26389	14088	110092403
22216357	26389	29468	110096887
22359209	26389	21723	110041849
31452568	44044	61007	108228293
22212471	44044	43170	110089791
22087910	44044	17558	110088643
22159107	44044	17706	110092086
22276182	44044	23164	110086444
21958242	55294	62113	110053135
22258912	55294	32741	110033205
21733141	55294	30681	110128625
40809347	55294	68518	205531935
21964465	55294	48235	110072311
22250687	55294	26957	110150454
22382788	55294	28937	110145880
22490827	55294	13410	110092615
21800190	36619	77496	110115851
22098081	36619	33288	110130839
19875160	36619	103976	106287448
9063852	1841684	355755	76090014
9886718	1960817	340594	78480425
9335960	1854939	341643	76319433
9495780	1885794	332995	76400812
16343425591	97563666	66061741	80559454269
