29733978	629894	377066	103111281
32502561	1349256	350052	109397425
81596473	2157292	811650	258858959
1183522944	30092175	12674764	3877411285
1183522944	1764352	1009454	38070401
525094	3874499	72228	119197615
525094	4172753	72228	73120649
111445530	4370114	1884247	480853752
0	0	0	0
0	0	0	0
0	0	0	0
0	0	0	0
0	0	0	0
0	0	0	0
646587049	19082956	6604924	2264037510
63907812	19082956	6604924	112220354
24714331	19082956	191147	111782406
46442083	19082956	227361	111414885
81518546	19082956	227361	111270803
39180155	19082956	469606	111020791
1141134798	31490217	12010537	4033377580
