31228736	628678	358268	106765412
32647653	1330840	344743	109674342
85900538	2313924	865411	277138625
1193828145	32087925	12839047	3973942750
1193828145	1992842	813391	58849384
6386121	301150	813391	12190093
0	0	0	0
0	0	0	0
0	0	0	0
0	0	0	0
0	0	0	0
181886387	5396689	2116334	633065304
0	0	0	0
0	0	0	0
93150709	2871363	949123	327945389
0	0	0	0
0	0	0	0
0	0	0	0
0	0	0	0
0	0	0	0
0	0	0	0
0	0	0	0
0	0	0	0
0	0	0	0
0	0	0	0
324853068	12428672	3232165	1204467970
324853068	3942337	3232165	39910876
10060367	2072487	3232165	50255360
10060367	3372589	3232165	46410917
19512220	1694085	3232165	56926638
19512220	2830199	3232165	40571259
19512220	2668444	3232165	40513203
8068929	1782516	3232165	49033882
8068929	2429176	3232165	41580508
18764196	1140459	3232165	52116504
18764196	2229489	3232165	45044914
21467803	584474	3232165	60697149
21467803	1715320	132440	49720517
21467803	1642517	135429	50195828
21467803	1649057	121986	53914337
21467803	1487788	159873	53157070
21467803	1387683	152696	52189315
21467803	1469209	156561	57676967
21467803	1498375	80620	60001888
21467803	1281306	154485	53886753
21467803	1342717	118068	53660623
1302973	456341	6140	16798181
0	0	0	0
0	0	0	0
0	0	0	0
0	0	0	0
0	0	0	0
0	0	0	0
165617318	10245962	1873473	761850177
11876471	1202067	1873473	51120077
9563103	1139927	1873473	48609731
9563103	801413	44975	31246485
1298063	480278	231860	59755232
2207738	544401	224059	62315657
4659123	597627	197712	71946135
2660434907	154065055	31248703	12126288961
0	0	0	0
0	0	0	0
0	0	0	0
0	0	0	0
0	0	0	0
0	0	0	0
464737345	27045115	5657165	2134648787
0	0	0	0
0	0	0	0
0	0	0	0
0	0	0	0
0	0	0	0
0	0	0	0
321390228	2788578	560600	852632507
83483789	2788578	322399	112854805
57846095	2788578	677899	86769602
0	0	0	0
0	0	0	0
0	0	0	0
0	0	0	0
0	0	0	0
0	0	0	0
207460268	5469218	1764676	741189268
113071506	5469218	505984	120889352
128716972	5469218	505984	119820528
78483915	5469218	675656	118999668
69543933	5469218	495711	108619774
74910620	5469218	355259	117772383
73522760	5469218	155147	117189722
66254716	5469218	155147	107115027
73273840	5469218	7914	116283859
68043464	5469218	17970	115848298
68624482	5469218	93115	115210964
63001227	5469218	105557	105929457
62489931	5469218	65300	114005956
64814221	5469218	93689	114503103
58735907	5469218	117502	105323432
62879444	5469218	112017	114121850
61460431	5469218	124202	113910259
54540533	5469218	126913	104581816
58136500	5469218	101230	113541263
57699407	5469218	112374	113305320
56631026	5469218	137065	113203893
50905234	5469218	162791	103796611
57182577	5469218	177656	112974988
47214216	5469218	204700	112032566
47136898	5469218	135695	112553141
42796256	5469218	131660	103370305
46509548	5469218	125002	112384775
46006964	5469218	115587	112278393
40863940	5469218	108275	101379697
44843853	5469218	113787	112098724
44557372	5469218	71393	112012974
38629827	5469218	114520	101257635
43041913	5469218	99287	112137808
43134996	5469218	69007	111736693
27336569	23912	23708	67318055
0	0	0	0
0	0	0	0
0	0	0	0
0	0	0	0
0	0	0	0
163297102	5129436	1421626	605196448
42626921	5129436	90195	111715617
42256717	39494	123234	111665947
37907412	61770	123935	99875568
0	0	0	0
0	0	0	0
0	0	0	0
0	0	0	0
0	0	0	0
0	0	0	0
0	0	0	0
251789638	6729329	1952499	882037197
41362232	87307	130502	111560039
40875042	118796	170571	111494972
40875042	5007	3787	1623016
0	0	0	0
0	0	0	0
0	0	0	0
0	0	0	0
0	0	0	0
0	0	0	0
241585136	6645790	1901759	853123557
41040569	164796	151603	111447409
40438090	157941	169066	111404379
40644859	186304	158634	111356502
35422478	221910	175701	100643830
40184866	230280	180901	111276866
39578232	277733	202198	111233675
35685178	288318	159550	102292343
38905207	340053	158213	111161812
39409157	330119	151279	111126904
35019887	334321	143451	102027607
38562641	366204	151239	111061176
35047150	375820	175310	106230010
36879298	415117	219103	111344064
40128180	472385	253304	110880675
37326020	455860	255732	102236529
40214681	506457	248982	111042404
40136307	521939	262162	111021244
36782234	460418	252691	102052165
40237764	518712	250837	110929537
40308218	520432	223592	110902920
36545851	494856	223775	101745774
39370293	517719	259036	110898440
39676430	522436	267906	110873160
39504309	544689	261684	110857914
34096930	488497	260929	97190611
39140939	585616	256443	110759068
38835468	561187	241165	110728320
74382297	1140334	485715	217954670
38790150	571953	216232	110690519
38284434	586703	234598	110672715
38650217	576478	277677	110637469
39904417	307918	285822	110617697
41210218	307918	473681	110675316
55174186	307918	473681	110534124
26728507	307918	437305	110416653
28523657	307918	407049	110523354
27520349	2273	431786	110381871
30869549	59962	388026	110480444
31392637	90033	375167	110472221
28346899	131236	417435	110411351
31267588	177620	365471	110453509
32740342	150895	343342	110395725
32305796	143858	381422	110446094
30697107	201760	387374	110337608
30755459	196321	360616	110311501
27546951	188534	359737	110313280
28894877	145427	330456	110459964
27891447	175196	325623	110436849
26643009	159985	351163	110447288
27782202	147240	343808	110224952
27867132	184038	342467	110470256
30038259	191413	330416	110467415
30275351	217398	373288	110423221
28893910	253608	340017	110386140
29537659	243883	338927	110448391
8303403969	223962693	69138233	29523895850
8822317324	239186195	73944191	31438472020
