30341173	623722	345390	104031837
32785778	1383818	353438	110885868
84850063	2224971	834804	268358625
1198869938	32268364	12749227	3715105022
1198869938	1978656	821466	278200537
1198869938	3196454	821466	40405493
1198869938	2894184	821466	39220516
1198869938	2638938	821466	39386398
12524212	1424952	821466	50870531
12524212	1652854	18513	53693430
12524212	1165011	120213	65237666
12524212	1062194	103181	65789568
12524212	1027969	128147	66510576
466565497	19351507	5967952	1963524885
72692999	19351507	6802	112148833
65735702	19351507	46055	111803727
60697820	19351507	88447	111519866
227887215	1955500	2297892	816552180
30314210	1955500	2297892	111282953
135577062	1955500	327756	390780463
54846246	1955500	17867	111032622
46784615	1955500	140843	110909324
38867074	1955500	191068	110808755
34137988	1955500	231012	110734333
31139846	1955500	225119	110667914
29618600	1955500	215468	110593011
28825865	1955500	208922	110545095
27091973	1955500	207430	110460840
26204569	1955500	233556	110505317
25187499	1955500	238308	110445438
24628143	1955500	246171	110424033
24176643	1955500	253282	110389434
23480523	1955500	265698	110365440
23214725	1955500	270201	110344949
22844305	1955500	280321	110330578
22574439	1955500	290436	110327530
22079218	1955500	297010	110296147
21764983	1955500	303115	110271656
21769491	1955500	305639	110264179
21081053	1955500	307722	110249087
21397460	1955500	311409	110250004
21026241	1955500	320264	110245531
21030970	1955500	316979	110224202
20821002	1955500	320907	110189621
20653215	1955500	332757	110178290
20312979	1955500	332071	110167672
20502780	1955500	329917	110154106
20070360	1955500	330947	110100012
20239336	1955500	334041	110180506
20066943	1955500	336655	110197406
19990600	1955500	341012	110174214
19981039	1955500	345441	110179038
19919902	1955500	343638	110161522
20051705	1955500	344563	110154025
19792721	1955500	350234	110153349
19587860	1955500	350985	110129959
19700313	1955500	350716	110098644
19542369	1955500	349696	110097563
19475014	1955500	349141	110139842
19818308	1955500	357159	110135142
19730786	1955500	353214	110119809
19835346	1955500	353496	110144634
19510272	1955500	357975	110122151
2416538522	22622137	25639158	9768413354
13895772	22622137	413693	110246310
14080724	22622137	408559	110217954
14038095	22622137	411709	110222290
12479622	22622137	412010	110149060
12580113	22622137	410874	110155246
12532936	22622137	409878	110200050
12477495	22622137	418483	110180103
13004585	22622137	410605	110173215
12885598	22622137	414003	110185456
14009805	22622137	422056	110182413
14254913	22622137	430647	110179131
14268813	22622137	426498	110113554
14319936	22622137	428323	110148464
14434211	22622137	430622	110172993
13465405	22622137	433117	110165520
26415302	22622137	841306	214161237
13094076	22622137	412274	110149553
12376420	22622137	416096	110135600
12080229	22622137	407293	106118087
13432008	22622137	427333	110113758
13523145	22622137	429879	110100494
13376461	22622137	427538	110040747
12385424	22622137	411492	110076964
13805253	22622137	424354	110099581
14187220	22622137	428932	110117444
13993864	22622137	428301	110083622
9352843	22622137	379747	108377859
5567930	22622137	314089	109980302
5324031	22622137	316078	108470989
4799527	22622137	328295	109980914
5289411	22622137	306479	108688457
6055027	22622137	292581	110163962
6197137	22622137	291786	110162460
6619742	22622137	297817	110156895
6700472	22622137	295728	110146046
6689809	22622137	293984	110145353
6682652	22622137	293923	110144224
6985933	22622137	299598	110149302
7105050	22622137	297265	110133912
7109896	22622137	302978	110151473
7727670	22622137	300037	110140356
7391661	22622137	299814	110140009
6658973	22622137	291149	109912755
2176171630	16138441	27300179	9902787511
3490603	16138441	341367	108586330
12378947	16138441	468551	110107501
12373511	16138441	470256	110025192
12538376	16138441	465287	110082891
12510406	16138441	464042	110075961
12431601	16138441	466339	110015606
12509437	16138441	461729	110071166
12446650	16138441	459431	110053089
11850295	16138441	451340	110002122
11681905	16138441	450270	110045302
12890336	16138441	462416	110046790
12539328	16138441	463317	110092957
12849135	16138441	457551	110064236
12831417	16138441	460541	110062157
12971615	16138441	452872	110004828
13211987	16138441	456557	110056099
12990145	16138441	452721	110095407
8894411	16138441	387844	109871137
4313283	16138441	305635	109937402
4932598	16138441	301570	109967030
4781252	16138441	292901	109971675
4264337	16138441	295971	109964266
4964510	16138441	299553	109966254
4585899	16138441	290913	109714110
4061175	16138441	289681	109956061
5807343	16138441	314149	109965568
7427546	16138441	331714	109962072
5670786	16138441	304961	109958887
4840971	16138441	296335	109959686
5122302	16138441	295210	109959583
5205806	16138441	291233	109959098
5314379	16138441	296111	109977961
5941482	16138441	300264	109959348
5916434	16138441	312039	109955336
6019508	16138441	299885	109953754
5553668	16138441	296878	109958371
6516141	16138441	318924	109956400
7053618	16138441	320719	109951052
7801554	16138441	330916	109903971
7962131	16138441	328157	109949624
6650816	16138441	316202	109951442
7018679	16138441	306167	109948356
7227135	16138441	308788	109952844
7326220	16138441	312379	109952982
7465672	16138441	308288	109950117
2040908752	13422058	28410553	10064886048
4424388	13422058	317068	109975015
4911839	13422058	327655	109963483
3468739	13422058	298704	103272446
5783970	13422058	332113	110147819
6416492	13422058	341237	110142012
5831989	13422058	327390	110161675
5767773	13422058	331615	110147782
5506223	13422058	327190	110140043
5343185	13422058	320835	110139733
5630373	13422058	325037	110138581
5338379	13422058	319638	110022957
14149058	13422058	464735	110107406
14459719	13422058	472747	110038766
14622523	13422058	466193	110024323
14102203	13422058	468802	110058686
14729184	13422058	470660	110058883
14648940	13422058	464789	110015531
14688416	13422058	471573	110061085
14747762	13422058	463496	110055663
14724531	13422058	469339	110023634
14676824	13422058	460971	110058590
14513267	13422058	463591	110052551
14558035	13422058	453415	109994301
14496856	13422058	459272	110044849
14586390	13422058	455504	110054093
14461812	13422058	460284	109985695
13601570	13422058	449865	110032478
13462867	13422058	448485	110047798
13556604	13422058	447309	109985515
14713864	13422058	454944	110035917
14889281	13422058	452235	110032934
14906346	13422058	467463	109924333
15102115	13422058	455613	110035409
14984470	13422058	458343	110030789
15255510	13422058	454592	109976173
14150075	13422058	448489	110030992
14259454	13422058	444745	110025340
14346033	13422058	448736	109973664
15300009	13422058	450716	110038179
15072074	13422058	448173	110032657
15130316	13422058	445910	110028330
15189193	13422058	447324	110029301
914916678	5487023	13854101	4757417718
914916678	5487023	271011	110031619
914916678	5487023	282564	110028125
914916678	5487023	282083	110027935
914916678	5487023	284486	110027467
914916678	5487023	286000	110026392
914916678	5487023	287162	110028421
914916678	5487023	288221	109750669
914916678	5487023	288741	110032948
914916678	5487023	290632	109990759
914916678	5487023	288516	110027314
914916678	5487023	290927	110017329
914916678	5487023	290462	110028971
914916678	5487023	290685	110026569
914916678	5487023	292397	110021912
914916678	5487023	294728	110025277
914916678	5487023	294971	110034758
914916678	5487023	293639	110027294
914916678	5487023	295092	110023815
914916678	5487023	294724	110021798
914916678	5487023	295082	110035925
914916678	5487023	294283	110023638
914916678	5487023	293894	110025167
914916678	5487023	293015	110026715
914916678	5487023	295165	110021722
914916678	5487023	294145	110021087
914916678	5487023	294030	110020288
914916678	5487023	293985	110020403
914916678	5487023	295139	110033471
914916678	5487023	296569	109982238
914916678	5487023	179734	109879136
914916678	5487023	154333	109940862
914916678	5487023	151767	109935573
914916678	5487023	151416	109930968
914916678	5487023	149412	109927615
914916678	5487023	149066	109862254
914916678	5487023	150498	109929294
914916678	5487023	149411	109874275
914916678	5487023	150071	109928527
914916678	5487023	151493	109928048
914916678	5487023	152516	109934641
914916678	5487023	151051	109932209
914916678	5487023	153808	109862690
914916678	5487023	154629	109929420
914916678	5487023	157778	109925548
914916678	5487023	166396	109926532
914916678	5487023	187941	109929506
914916678	5487023	191801	109931101
914916678	5487023	194937	109927370
914916678	5487023	197659	109884767
914916678	5487023	195519	109952280
914916678	5487023	198800	109928762
914916678	5487023	198453	109931831
914916678	5487023	200033	109535255
914916678	5487023	196546	109924434
914916678	5487023	200513	109922637
914916678	5487023	200921	109927398
914916678	5487023	202238	109942758
914916678	5487023	202374	109925345
914916678	5487023	201505	109927241
914916678	5487023	201154	109185581
914916678	5487023	204080	109798185
914916678	5487023	203332	109925189
914916678	5487023	202617	109772206
914916678	5487023	204050	109931921
914916678	5487023	206074	109922379
914916678	5487023	204274	109924532
914916678	5487023	204796	109928330
914916678	5487023	206784	109926661
914916678	5487023	209244	109755427
914916678	5487023	209139	109926677
914916678	5487023	205699	109803274
914916678	5487023	207515	109920534
914916678	5487023	207201	109921242
914916678	5487023	211935	109922937
914916678	5487023	209521	109930265
914916678	5487023	209946	109921947
914916678	5487023	212558	109790636
914916678	5487023	211604	109934271
914916678	5487023	211022	109929962
914916678	5487023	211434	109929252
914916678	5487023	213519	109919479
914916678	5487023	212620	109926362
914916678	5487023	208594	109498549
914916678	5487023	213635	109885525
914916678	5487023	213607	109923826
914916678	5487023	214473	109923866
914916678	5487023	214743	109919382
914916678	5487023	215142	109916884
914916678	5487023	216670	109882694
914916678	5487023	216173	109924660
914916678	5487023	215750	109921530
914916678	5487023	217972	109797710
914916678	5487023	215896	109923088
914916678	5487023	217412	109921375
914916678	5487023	216324	109923677
914916678	5487023	217384	109920145
914916678	5487023	217803	109919091
914916678	5487023	218356	109905728
914916678	5487023	218977	109918368
914916678	5487023	221106	109920933
914916678	5487023	220517	109923433
914916678	5487023	218595	109921568
914916678	5487023	221118	109922384
914916678	5487023	220705	109919637
914916678	5487023	222469	109765608
914916678	5487023	221716	109920671
914916678	5487023	221107	109921157
914916678	5487023	221331	109917058
914916678	5487023	224916	109858701
914916678	5487023	223136	109921986
914916678	5487023	220306	109913717
914916678	5487023	223683	109918103
914916678	5487023	223285	109938948
914916678	5487023	224420	109917659
914916678	5487023	223811	109918635
914916678	5487023	226418	109791552
914916678	5487023	224450	109920728
914916678	5487023	224810	109918053
914916678	5487023	226242	109916960
914916678	5487023	228675	109938214
914916678	5487023	223131	109917411
914916678	5487023	222857	109916503
914916678	5487023	222958	109916906
914916678	5487023	228054	109919973
914916678	5487023	226986	109922428
914916678	5487023	227189	109925392
914916678	5487023	228281	109933477
914916678	5487023	228433	109917466
914916678	5487023	361950	109878932
914916678	5487023	412580	109917392
914916678	5487023	419947	109918255
914916678	5487023	422388	109913518
914916678	5487023	424739	109917234
914916678	5487023	425856	109932095
914916678	5487023	426862	109912901
914916678	5487023	426484	109787447
914916678	5487023	425527	109915957
914916678	5487023	425156	109916394
914916678	5487023	429978	109914281
914916678	5487023	432406	109917717
914916678	5487023	432036	109938929
914916678	5487023	425379	109914933
914916678	5487023	422271	109914287
914916678	5487023	421336	109914868
914916678	5487023	425749	109920004
914916678	5487023	429463	109921503
914916678	5487023	426491	109917211
914916678	5487023	426990	109810980
914916678	5487023	426581	109871587
914916678	5487023	424836	109916915
914916678	5487023	415603	109912515
914916678	5487023	414289	109915167
914916678	5487023	415365	109916105
914916678	5487023	414918	109913648
914916678	5487023	414977	109934465
914916678	5487023	413905	109914167
5492715980	26309411	109470547	39246790285
7034921	26309411	417971	109928061
7276512	26309411	427675	109800507
7694086	26309411	436226	108001888
7694086	26309411	1251956	109831059
7694086	26309411	1483964	109929458
7694086	26309411	1858783	109788590
7694086	26309411	1922892	109928176
7694086	26309411	884084	109929997
3826080	26309411	496151	109927852
3910252	26309411	492693	109927772
3025126	26309411	500205	109842706
2283066	26309411	503821	109878066
2760425	26309411	498043	109923464
6691926	26309411	437069	109924105
11296901024	52975969	231613824	81471318694
