18878532	329323	241560	64493577
0	0	0	0
0	0	0	0
0	0	0	0
0	0	0	0
0	0	0	0
0	0	0	0
0	0	0	0
0	0	0	0
0	0	0	0
0	0	0	0
0	0	0	0
0	0	0	0
0	0	0	0
0	0	0	0
0	0	0	0
0	0	0	0
0	0	0	0
0	0	0	0
0	0	0	0
0	0	0	0
0	0	0	0
0	0	0	0
0	0	0	0
0	0	0	0
0	0	0	0
0	0	0	0
0	0	0	0
0	0	0	0
0	0	0	0
0	0	0	0
0	0	0	0
0	0	0	0
0	0	0	0
0	0	0	0
0	0	0	0
0	0	0	0
0	0	0	0
0	0	0	0
0	0	0	0
0	0	0	0
0	0	0	0
0	0	0	0
0	0	0	0
0	0	0	0
0	0	0	0
0	0	0	0
0	0	0	0
0	0	0	0
0	0	0	0
0	0	0	0
0	0	0	0
0	0	0	0
0	0	0	0
0	0	0	0
0	0	0	0
0	0	0	0
0	0	0	0
0	0	0	0
0	0	0	0
0	0	0	0
0	0	0	0
0	0	0	0
0	0	0	0
0	0	0	0
0	0	0	0
0	0	0	0
0	0	0	0
0	0	0	0
0	0	0	0
0	0	0	0
0	0	0	0
0	0	0	0
0	0	0	0
0	0	0	0
0	0	0	0
0	0	0	0
0	0	0	0
0	0	0	0
0	0	0	0
0	0	0	0
0	0	0	0
0	0	0	0
0	0	0	0
0	0	0	0
0	0	0	0
0	0	0	0
0	0	0	0
2789743019	65714749	32667251	9628969122
0	0	0	0
0	0	0	0
0	0	0	0
0	0	0	0
0	0	0	0
0	0	0	0
0	0	0	0
0	0	0	0
0	0	0	0
0	0	0	0
0	0	0	0
0	0	0	0
0	0	0	0
0	0	0	0
0	0	0	0
0	0	0	0
0	0	0	0
0	0	0	0
592750621	29354670	4993441	2048187173
760715241	33312965	7215704	2262995868
3934634993	91858033	37193649	12267171234
13979303275	390769760	173595376	48561654706
13979303275	390769760	1801727	6150141
0	0	0	0
0	0	0	0
0	0	0	0
0	0	0	0
0	0	0	0
0	0	0	0
178400311	27228122	6604924	1447267310
178400311	59207107	6604924	52109730
178400311	35008661	6604924	37495859
0	0	0	0
0	0	0	0
0	0	0	0
0	0	0	0
0	0	0	0
0	0	0	0
10066232	22779198	2055	721643519
10066232	47035505	2055	52835004
10066232	36873810	2055	52963714
10066232	31642365	2055	1229921703
10066232	24268035	2055	6272946
10066232	6247425	2055	6272946
0	0	0	0
0	0	0	0
0	0	0	0
0	0	0	0
0	0	0	0
0	0	0	0
26034741	26419331	0	744791523
26034741	9520756	0	6387684
26034741	157761	0	6387684
5733477	3733555	0	109557216
5733477	2499276	0	16519570
5733477	2407401	0	12936561
5733477	2407401	0	65892968
5733477	2407401	0	57714803
242108292	37805879	2440809	1877686523
242108292	16843387	2440809	101983330
0	0	0	0
0	0	0	0
0	0	0	0
0	0	0	0
0	0	0	0
0	0	0	0
0	0	0	0
254857890	16280741	0	792054123
254857890	49610	0	69395797
254857890	49610	0	65039018
147627339	27744935	1955420	1239748897
147627339	11727587	1955420	35623697
175650853	2228031	1955420	34714549
175650853	2228031	11046900	64811143
175650853	2228031	11046900	4285533768
59744112	17163880	631956	4285533768
130823761	5364557	631956	56811390
130823761	7731417	631956	40187290
130823761	7731417	631956	85957468
130823761	5998096	655220	495834184
87327113	4592273	655220	49620308
87327113	4118418	655220	20756421
0	0	0	0
0	0	0	0
0	0	0	0
0	0	0	0
0	0	0	0
0	0	0	0
134732461	13896817	1489118	746997119
0	0	0	0
0	0	0	0
0	0	0	0
0	0	0	0
0	0	0	0
0	0	0	0
0	0	0	0
72590447	10973279	1770149	828897789
72590447	10973279	70200	69573285
450750780	22365623	4002616	2059161125
450750780	2787106	4002616	14363797
0	0	0	0
0	0	0	0
0	0	0	0
0	0	0	0
0	0	0	0
0	0	0	0
133028504	12320064	1399751	741432478
133028504	4275431	1399751	26825760
0	0	0	0
0	0	0	0
0	0	0	0
0	0	0	0
0	0	0	0
0	0	0	0
141460009	9649934	1710089	705912322
100008107	923227	1710089	37183848
100008107	9164188	1710089	28926443
100008107	7452690	79913	79054955
389837683	37372057	4607110	2185577179
389837683	10941484	4607110	52299447
142841725	10941484	4607110	38761852
0	0	0	0
0	0	0	0
0	0	0	0
67379623	5416212	804548	353616433
0	0	0	0
0	0	0	0
0	0	0	0
0	0	0	0
0	0	0	0
0	0	0	0
0	0	0	0
0	0	0	0
0	0	0	0
219670235	14663978	2530741	1074138452
219670235	14663978	417424	108463164
219670235	14663978	212724	73856128
391906283	34295376	4157249	2094092110
121144473	1421167	4157249	33496945
121144473	5586092	4157249	33664066
121144473	8038566	4157249	24466020
121144473	8243123	4157249	77304417
65837096	15856390	731537	588794536
113744449	2215332	731537	60014307
113744449	6318580	731537	43427005
0	0	0	0
0	0	0	0
0	0	0	0
0	0	0	0
0	0	0	0
0	0	0	0
135615649	9884100	1550293	685998090
135615649	5146077	501449	80513639
135615649	5266039	439308	79170472
239851635	23038746	2801121	1342184002
0	0	0	0
0	0	0	0
0	0	0	0
0	0	0	0
0	0	0	0
134367644	9852103	1650481	685196927
107082847	2517376	1650481	69214079
107082847	5530620	1650481	34829956
0	0	0	0
0	0	0	0
0	0	0	0
0	0	0	0
0	0	0	0
0	0	0	0
139258936	10148056	1578832	702573962
139258936	10148056	402399	51002505
139258936	10148056	451097	74914563
376240284	26135180	6796463	2101370843
376240284	2611432	1710825	21733263
43955711	2611432	585642	45768948
43955711	1540017	1068077	38238834
43955711	2808232	2117296	19809988
101550479	6622915	1236627	496562577
0	0	0	0
0	0	0	0
0	0	0	0
0	0	0	0
0	0	0	0
0	0	0	0
0	0	0	0
0	0	0	0
0	0	0	0
0	0	0	0
245648388	16784746	2799661	1216023606
0	0	0	0
27299242	3685450	294381	161607147
102223972	182771	294381	54248584
262236580	17491825	4356488	1676961679
262236580	1961562	207004	20580551
0	0	0	0
0	0	0	0
0	0	0	0
0	0	0	0
0	0	0	0
0	0	0	0
140143489	12564210	1598679	745896858
140143489	1378436	245996	53906398
144442780	11717860	2640760	1020386778
37386907	2992358	2640760	31493408
37386907	3622526	2640760	34303386
37386907	3110089	2640760	31966076
49110239	3110089	2640760	49514156
49110239	3110089	887458	62213142
83143674	5869622	2331361	620181624
83143674	3465180	91243	43437957
83143674	4605454	91243	39713267
110039225	4605454	91243	57086445
110039225	1431685	91243	17080690
0	0	0	0
0	0	0	0
0	0	0	0
0	0	0	0
0	0	0	0
0	0	0	0
132981574	9573257	2112723	770781472
132981574	9573257	860680	61934151
234754514	16282071	3874270	1365889112
4431478185	292213772	55083427	22086177326
4431478185	292213772	103795	1558754
0	0	0	0
0	0	0	0
0	0	0	0
0	0	0	0
0	0	0	0
0	0	0	0
828943430	11565558	4715756	2420767427
545555003	11565558	4715756	124378558
499252730	11565558	4715756	127131084
285760328	11565558	4715756	744709863
227611533	11565558	4715756	126366363
407222311	11565558	4715756	125637369
291629149	11565558	328011	685501793
282806826	11565558	328011	266114564
208581095	11565558	328011	112831744
153507777	11565558	328011	42669980
0	0	0	0
0	0	0	0
0	0	0	0
0	0	0	0
0	0	0	0
0	0	0	0
488346353	0	0	800193175
247237844	0	1249974	121687478
128663333	0	1249974	123043380
126793859	0	1249974	122514830
129289096	0	1249974	122042192
127737651	0	1249974	121586414
118853905	0	1249974	121153680
232487331	0	1249974	120757679
321285605	0	1249974	109339274
714932501	0	1249974	191639848
185428039	0	4057031	119364265
72827836	0	4057031	119189532
87293047	0	4057031	118875268
82540206	0	4057031	118585040
77270988	0	4057031	118316692
77686942	0	4057031	118050530
77237151	0	4057031	117837442
77135909	0	4057031	117525844
75091022	0	4057031	117344167
73855635	0	4057031	117014244
73539514	0	4057031	116917941
72964196	0	4057031	116725866
47597789	0	4057031	115256943
47597789	0	2287871	116353294
47597789	0	2287871	115877357
47597789	0	2287871	115872722
47597789	0	2287871	115695563
42983916	0	4034140	115568656
17705949	0	3806096	115416139
47812632	0	4755007	115234049
54248782	0	4053321	115118268
67647253	0	2880350	115007271
78648784	0	573251	114879442
49879185	0	2188680	114746950
114391451	0	2188680	114622815
121134453	0	2188680	114497635
119531925	0	2188680	114380537
120338067	0	2188680	114273365
114311454	0	2188680	114188294
95628209	0	2188680	113995219
89170467	0	2188680	113987226
87236413	0	2188680	113916851
82915598	0	2188680	113809759
75816552	0	2188680	113702112
73252479	0	2188680	113638016
60066121	0	2188680	113560528
60066121	0	3041750	113505822
73022508	0	3041750	113363354
73022508	0	6328696	113383683
102860542	0	6328696	113270035
80711854	0	6328696	113207600
50479618	0	6328696	113149904
50882601	0	1973349	113078308
92728344	0	1973349	112993574
91999607	0	1973349	112909730
87251067	0	1973349	112897730
89477776	0	1973349	112854483
87086232	0	1973349	112785303
82528780	0	1973349	112665690
81391977	0	1973349	112683736
84861315	0	1973349	112622375
82364801	0	1973349	112573786
78342914	0	1973349	112526420
79098390	0	1973349	112476526
75909476	0	1973349	112455095
75143599	0	1973349	112390926
78295907	0	1973349	112337727
78334146	0	1973349	112287002
75137558	0	1973349	112249691
74340176	0	1973349	112221146
72287474	0	1973349	112124451
72098954	0	1973349	112151351
40890211	0	1973349	112115136
54458381	0	3170253	112106296
68249360	0	405922	112044687
32812049	0	984287	112003286
25870293	0	2591272	111967703
106729076	0	2591272	111919596
103954734	0	2591272	111802418
106297340	0	2591272	111854328
104748557	0	2591272	111795914
96332135	0	2591272	111790245
97349777	0	2591272	111770401
90828744	0	2591272	111743172
97849149	0	2591272	111447177
96114271	0	2591272	111686151
96510827	0	2591272	111656549
95941952	0	2591272	111623354
92668242	0	2591272	111602157
92908976	0	2591272	111570473
90084528	0	2591272	111459990
90331466	0	2591272	111523742
87934579	0	2591272	111516735
93423588	0	2591272	111484651
91456828	0	2591272	111459710
88507274	0	2591272	111437668
84707928	0	2591272	111428323
84288166	0	2591272	111311047
84462891	0	2591272	111499928
85488265	0	2591272	111297140
83508685	0	2591272	111338495
79045964	0	2591272	111312499
80809666	0	2591272	111294601
82267165	0	2591272	111281913
80876435	0	2591272	111257498
81859823	0	2591272	111238978
83645953	0	2591272	111223710
76795444	0	2591272	111214456
77422717	0	2591272	111185790
79678409	0	2591272	111176338
78688705	0	2591272	111150630
79880692	0	2591272	111134744
76389421	0	2591272	111117619
76500681	0	2591272	111102844
75719251	0	2591272	111091167
74517938	0	2591272	111014903
73871904	0	2591272	111246502
68708008	0	2591272	111220994
68708008	0	2769489	110957483
68708008	0	2769489	111039880
68708008	0	2769489	110992567
68708008	0	2769489	107333264
68708008	0	2769489	110971186
68708008	0	2769489	110955627
68708008	0	2769489	110942949
68708008	0	2769489	110930250
68708008	0	2769489	110917997
68708008	0	2769489	110905543
68708008	0	2769489	110893667
68708008	0	2769489	110882061
68708008	0	2769489	110870352
68708008	0	2769489	110859176
68708008	0	2769489	110821903
68708008	0	2769489	110836442
68708008	0	2769489	110826146
68708008	0	2769489	110816080
68708008	0	2769489	110805384
68708008	0	2769489	110795302
68708008	0	2769489	110752798
68708008	0	2769489	110775602
68708008	0	2769489	110764968
68708008	0	2769489	110755204
68708008	0	2769489	110745499
68708008	0	2769489	110736633
68708008	0	2769489	110727806
68708008	0	2769489	110718252
68708008	0	2769489	110689023
68708008	0	2769489	110700600
68708008	0	2769489	110692351
68708008	0	2769489	110683977
68708008	0	2769489	110675617
68708008	0	2769489	110667050
68708008	0	2769489	110659988
68708008	0	2769489	110651751
68708008	0	2769489	110644240
68708008	0	2769489	110635571
68708008	0	2769489	110017339
68708008	0	2769489	110629515
68708008	0	2769489	110566847
68708008	0	2769489	110607705
68708008	0	2769489	110521180
68708008	0	2769489	110591644
68708008	0	2769489	110548803
68708008	0	2769489	110748836
68708008	0	2769489	110736646
68708008	0	2769489	110727601
68708008	0	2769489	110718194
68708008	0	2769489	110710933
68708008	0	2769489	110707669
68708008	0	2769489	110688263
68708008	0	2769489	110689438
68708008	0	2769489	110689141
68708008	0	2769489	110682987
68708008	0	2769489	110481493
68708008	0	2769489	110525230
68708008	0	2769489	110503377
68708008	0	2769489	110497472
68708008	0	2769489	110491707
68708008	0	2769489	110453808
68708008	0	2769489	110429830
68708008	0	2769489	106279032
68708008	0	2769489	110474646
68708008	0	2769489	110465623
68708008	0	2769489	110428180
68708008	0	2769489	110253640
68708008	0	2769489	110452175
68708008	0	2769489	110443386
68708008	0	2769489	110409151
68708008	0	2769489	110593344
68708008	0	2769489	110391597
68708008	0	2769489	110438697
68708008	0	2769489	110421241
68708008	0	2769489	110416636
68708008	0	2769489	110412181
68708008	0	2769489	110407970
68708008	0	2769489	110401497
68708008	0	2769489	110398155
68708008	0	2769489	110393707
68708008	0	2769489	110359531
68708008	0	2769489	110387570
68708008	0	721321	110348311
71289471	0	456302	110421639
52976609	0	750868	110334046
27163009	0	1644885	110422113
56189010	0	925555	110397103
75457082	0	925555	110365261
76119887	0	925555	110531426
76348301	0	925555	110330163
75282972	0	925555	110370377
70909052	0	925555	110355009
73861110	0	925555	110357157
70994491	0	925555	110350507
74601257	0	925555	110348852
73544835	0	925555	110338586
73523462	0	925555	110335072
73483648	0	925555	110336985
71748273	0	925555	110333380
71474727	0	925555	110331062
70653778	0	925555	110265909
70348688	0	925555	110317937
71452426	0	925555	110277818
72772744	0	925555	107976322
74072184	0	925555	110438702
70725581	0	925555	110430273
71819246	0	925555	110419076
288008168	0	925555	458592733
68194095	0	925555	110448561
68448646	0	925555	110414025
68276162	0	925555	110412866
68746567	0	925555	110423686
71590137	0	925555	110390842
71731875	0	925555	110401671
68198373	0	925555	110399362
69211695	0	925555	110397677
67874214	0	925555	110391509
68355641	0	925555	110336231
67070286	0	925555	110387029
66606861	0	925555	110393945
66629803	0	925555	110373622
66339273	0	925555	110376994
65844270	0	925555	110375166
65505428	0	925555	110372255
19945734	0	1950927	110448952
14180251957	106695271	41482221	56170187563
14180251957	106695271	3614475	110721170
14180251957	106695271	3970121	110686268
14180251957	106695271	2976775	110699008
14180251957	106695271	3901868	110700839
14180251957	106695271	1264908	110699023
31209039	2919544	1264908	110582781
33994353	2889639	1264908	110501619
33270809	2840183	1264908	110502824
34105003	2846619	1264908	110498275
33706265	2840776	1264908	110495173
33674396	2798016	1264908	110491195
32416973	2733799	1264908	110412990
33588289	2709674	1264908	110477553
33588667	2695667	1264908	110478351
33591262	2699169	1264908	110488773
34197710	2680980	1264908	110450268
34022935	2669016	1264908	110462620
33636500	2661100	1264908	110460634
32206283	2598905	1264908	110459957
32507328	2606323	1264908	110454737
32549439	2604466	1264908	110451524
32225035	2590450	1264908	110448934
32013590	2514494	1264908	110458837
31254806	2519471	1264908	110425104
32967430	2564937	1264908	110439967
32134731	2469777	1264908	110436156
30438440	2430360	1264908	110436336
30716915	2504501	1264908	110430423
30665999	2427323	1264908	110427971
40113707	2448446	1264908	110425779
31329885	2486790	1264908	110423315
30505828	2394946	1264908	110360596
30716925	2424550	1264908	110402414
33306480	2478032	1264908	110418839
31992469	2458691	1264908	110412963
29682241	2371963	1264908	110408828
32016961	2384279	1264908	110406283
31812637	2386545	1264908	110407768
29961952	2314589	1264908	110404756
31370565	2340328	1264908	110415844
32854379	2403881	1264908	110394132
30441003	2280850	1264908	110392768
30530889	2287771	1264908	110390476
30843169	2332720	1264908	110388876
32500378	2330292	1264908	110386187
32971395	2337155	1264908	110383334
32457014	2333214	1264908	110381415
32280059	2315602	1264908	110375658
32416369	2310392	1264908	110390021
31875699	2300170	1264908	110360691
30828267	2244822	1264908	110372601
31336705	2271557	1264908	110278923
30846356	2197551	1264908	110370885
32853964	2266537	1264908	110367775
31734146	2262722	1264908	110363130
31831543	2278117	1264908	110361830
32222126	2280263	1264908	110358484
31888140	2259894	1264908	110355626
32499811	2270722	1264908	110339829
32563441	2258681	1264908	110351050
31940024	2240703	1264908	110349956
31324207	2202592	1264908	110346634
31513034	2185303	1264908	110345242
30521174	2166454	1264908	110357063
30125573	2155374	1264908	110353714
30962690	2171218	1264908	110356977
31314974	2157383	1264908	110337071
32318550	2168448	1264908	110335629
32805166	2169764	1264908	110333178
32546783	2167477	1264908	110330566
30730555	2103080	1264908	110330970
30297252	2032724	1264908	110268280
31333168	2093555	1264908	110326377
30526873	2075982	1264908	110327269
30321266	2045262	1264908	110336029
31779978	2070352	1264908	110308329
32060340	2074513	1264908	110317517
31762511	2051087	1264908	110316770
31654407	2036567	1264908	110317331
30525872	2025373	1264908	110313239
30899590	2056666	1264908	110310582
30565124	2013247	1264908	110309702
30035799	2009398	1264908	110307518
31427188	2043316	1264908	110307099
30873654	2044634	1264908	110289741
30132323	2024371	1264908	110302274
30353670	2027851	1264908	110300436
31654842	2011252	1264908	110298707
30709905	2008061	1264908	110297552
31527645	2051762	1264908	110295289
31665493	1992512	1264908	110293962
31736764	1918591	1264908	110228480
32340213	1929386	1264908	110315865
31230073	1935418	1264908	110280285
31214669	1921523	1264908	110286605
30801884	1909432	1264908	110286086
31372362	1896969	1264908	110284633
31630905	1902685	1264908	110282551
31746779	1905430	1264908	110280568
30968260	1889619	1264908	110279802
31622647	1895439	1264908	110292295
31877233	1894072	1264908	110361120
31519880	1861606	1264908	110274832
31515703	1864143	1264908	110272069
30702295	1831348	1264908	110272390
30730599	1858454	1264908	110269850
31829896	1844980	1264908	110269225
31490360	1845872	1264908	110267967
31634394	1842850	1264908	110265966
30934372	1793687	1264908	110281848
30711253	1791601	1264908	110175724
32027591	1823539	1264908	110261059
32015027	1794470	1264908	110259442
32489167	1779995	1264908	110264062
32391444	1762878	1264908	110260088
32208228	1758232	1264908	110256492
31455397	1761580	1264908	110255176
30220390	1762735	1264908	110255669
29164428	1703011	1264908	110246961
30641633	1788926	1264908	110251083
31012799	1797865	1264908	110248420
30764598	1805432	1264908	110242901
30892759	1772173	1264908	110246521
29623578	1731830	1264908	110245463
28966477	1747608	1264908	110245039
30307499	1768955	1264908	110243084
30724000	1761914	1264908	110252858
30148233	1712211	1264908	110228443
29663925	1728540	1264908	110239290
29555086	1719176	1264908	110238128
30681151	1720796	1264908	110179624
31688996	1684815	1264908	110235002
29849801	1628781	1264908	110231130
29865432	1668716	1264908	110246079
29444753	1653844	1264908	110232059
29758345	1579374	1264908	110232650
8662609	1579374	188177	110455717
15042685	1579374	188177	110235346
14710817	1579374	188177	110230932
16783395	1579374	188177	110229260
15661854	1579374	188177	110226830
10541768	1579374	24565	110312569
24314317	2280114	24565	110367368
30086036	2509485	24565	110256920
29238936	2474885	24565	110245713
29669291	2509513	24565	110244022
29790523	2497370	24565	110246090
29568359	2506648	24565	110236382
28882768	2435877	24565	110234306
28852741	2438855	24565	110233733
29225839	2463048	24565	110173010
29478105	2441099	24565	110212252
29798342	2438691	24565	110222169
29188456	2460887	24565	110222695
29331396	2446591	24565	110221360
29443371	2482583	24565	110216791
28757371	2384213	24565	110214906
29354743	2376207	24565	110214511
29003059	2347899	24565	110232993
28986938	2336984	24565	110204322
29006871	2387082	24565	110211353
28389368	2278727	24565	110209928
28813234	2355127	24565	110210368
28966412	2264399	24565	110207162
29704655	2360315	24565	110222581
28914040	2238798	24565	110215269
27474531	2272131	24565	110206712
28407218	2285775	24565	110225677
28316527	2195668	24565	110191440
29646694	2315862	24565	110201159
28996793	2301532	24565	110120355
27952872	2234586	24565	110200126
28551081	2197307	24565	110199599
29208545	2267662	24565	110200267
30232181	2277883	24565	110200010
31999522	2122466	24565	110209975
28186863	2132496	24565	110183536
30229168	2264897	24565	110191217
29648802	2266923	24565	110190050
28478791	2120534	24565	110190920
29160144	2146443	24565	110196945
29779061	2221341	24565	110187925
29807646	2212983	24565	110188643
28094182	2018675	24565	110187010
29300929	2218245	24565	110202673
29005065	2139822	24565	110174567
28909977	2201389	24565	110183478
29024811	2201109	24565	110182781
28469095	2198155	24565	110182071
28601506	2179503	24565	110181015
28889628	2181577	24565	110124941
28784811	2145596	24565	110177744
28587746	2131829	24565	110181436
28450202	2076791	24565	110182917
28324955	2097994	24565	110177565
28225895	2078326	24565	110175020
29125984	2130347	24565	110173901
29635541	2114921	24565	110178019
29012307	2113802	24565	110173683
28717443	2085277	24565	110173337
29492571	2118673	24565	110171209
28634170	2073886	24565	110172523
29306795	2092889	24565	110160145
29153129	2099353	24565	110168580
29008952	2064260	24565	110166798
28456683	2054252	24565	110168169
29020820	2071793	24565	110154504
28506171	2020109	24565	110166138
29060525	2031060	24565	110165964
28898052	2000419	24565	110167557
29379673	2058568	24565	110128807
29467316	2030420	24565	110152333
30631662	2014594	24565	110163791
29394318	2028279	24565	110163663
29001431	2050424	24565	110161152
28866629	2012776	24565	110160695
29274869	1910730	24565	109968322
29010744	2024069	24565	110158457
28617538	2008321	24565	110159567
28457342	2004279	24565	110162004
28850476	1991493	24565	110156574
29531927	2017756	24565	110154225
29365471	2021959	24565	110145935
29511427	2034576	24565	110245107
29382373	2026384	24565	110152963
29123472	1980536	24565	110152066
28539866	1964294	24565	110152549
29090006	1992089	24565	110167794
28276246	1918873	24565	110139645
27959263	1884356	24565	110148113
29086312	2000384	24565	110076277
29003372	1932280	24565	110147325
28654753	1940688	24565	110148990
28697722	1965262	24565	110151965
29081109	1963607	24565	110146171
34038079	1835992	24565	110148016
34170670	1836998	24565	110121079
30028728	1917797	24565	110145596
28473765	1926187	24565	110143270
29043269	1949679	24565	110142251
29010247	1969376	24565	110141141
28982442	1946478	24565	110140984
29140977	1919866	24565	110140967
28269471	1883342	24565	110139809
28548253	1884160	24565	110151947
28759593	1890124	24565	110130699
29231579	1879987	24565	110138011
28536720	1899720	24565	110137087
29020617	1907663	24565	110140073
29006146	1899144	24565	110135368
28943639	1891334	24565	110082888
28617322	1878131	24565	110135228
28893109	1922183	24565	110135331
28611216	1859242	24565	110140274
28091267	1860596	24565	110123973
28571099	1856138	24565	110133073
29038815	1889304	24565	110131970
29555869	1856894	24565	110130467
29290997	1858648	24565	110129845
28677455	1816447	24565	110131237
28088454	1765170	24565	110129428
29058220	1837746	24565	110132701
29458549	1842293	24565	110144820
29239599	1855463	24565	110119490
29044493	1851109	24565	110127261
29042096	1833304	24565	110141009
28957110	1827125	24565	110135519
28993095	1808509	24565	110125822
28506137	1776519	24565	110124655
28088043	1713173	24565	110124036
28240621	1710254	24565	110073387
29200140	1792983	24565	110127929
28868926	1785400	24565	110123725
28699522	1771801	24565	110129343
28528829	1750904	24565	110130153
28198969	1739567	24565	110119941
27830308	1756242	24565	110120742
28456517	1776071	24565	110120072
28762355	1785156	24565	110119302
28953219	1755122	24565	110122014
27930293	1699945	24565	110112182
28419797	1736291	24565	110116205
27680482	1748903	24565	110116686
28164386	1754569	24565	110116628
28182390	1746639	24565	110116227
28064407	1682873	24565	110115220
28314708	1659942	24565	110105902
28412443	1676076	24565	110114906
28645333	1634524	24565	110116521
22959396	927713	48871	110133707
10113341	927713	176980	110150778
11870132	927713	71955	110276453
13597844	927713	117912	110224081
12785666	927713	159833	110226515
13599690	927713	118511	110239485
13799866	927713	120729	110207232
13492340	927713	128282	110199363
14218779	927713	102693	110211309
14327225	927713	92593	110203070
13465364	927713	139058	110212100
10981811	927713	374038	110273361
10506206	927713	121427	110278685
11692554	927713	103730	110291041
10425305	927713	163846	110291810
12032112	927713	163846	110290993
10315419	927713	272359	110321714
11640929	927713	3321	110281544
10993913	927713	253263	110290886
11201673	927713	28056	110291431
11374650	927713	225676	110288879
11046397	927713	34367	110308318
12987878	927713	206800	110280078
11487577	927713	46176	110289105
13404478	927713	129465	110293878
10907712	927713	131303	110289167
13639345	927713	87074	110329710
11002630	927713	172082	110265454
13127673	927713	172082	110284892
11794393	927713	261461	110289221
11202705	927713	11244	110291639
13799351	927713	237551	110327669
12021120	927713	38673	110278478
12853582	927713	210744	110272352
12002902	927713	26405	110290128
13354340	927713	157271	110283353
11715769	927713	99997	110329711
13951574	927713	108074	110269327
11364376	927713	149154	110282396
14207381	927713	29952	110288713
11535334	927713	221497	110270186
13000043	927713	122	110287061
12901103	927713	250802	110267470
11942659	927713	21199	110280915
13863501	927713	221811	110287126
11851556	927713	40338	110282774
13711943	927713	206169	110294418
12333633	927713	29038	110242925
12682826	927713	134490	110270765
11916337	927713	120647	110283364
13070064	927713	95034	110280473
11875085	927713	159418	110311771
14433394	927713	159418	110267678
12225836	927713	258309	110277654
12628122	927713	5648	110279887
14145903	927713	236270	110279309
12706948	927713	31429	110322425
12516162	927713	210994	110258638
12795007	927713	24786	110276463
12666965	927713	187559	110351677
12764408	927713	61540	110272965
13231270	927713	123184	110243244
12209878	927713	130204	110264163
15806893	927713	81338	110274526
12422395	927713	166361	110280345
15732996	927713	166361	110274014
12445371	927713	250311	110292204
14421277	927713	11506	110253309
14931102	927713	225242	110270999
13362207	927713	38384	110276963
14037960	927713	200157	110270594
13385405	927713	24713	110279420
13599281	927713	149681	110258288
13042531	927713	98380	110269726
15164764	927713	103012	110271237
12615753	927713	143227	110269369
15368644	927713	23814	110287030
12706427	927713	217472	110260365
14243675	927713	217472	110271485
14023702	927713	239205	110269156
13257344	927713	20806	110269436
14914659	927713	213344	110299752
13014527	927713	35530	110262575
15685106	927713	197941	110271713
13520824	927713	29925	110272310
13927727	927713	127343	110277128
13089459	927713	116812	110280520
14202160	927713	90737	110249150
13107756	927713	152906	110262920
14509213	927713	152906	110268007
13197838	927713	248008	110261120
13989441	927713	4823	110273462
13799015	927713	230455	110254102
13797079	927713	27088	110263464
13772308	927713	204297	110267823
13776891	927713	27066	110263955
13888605	927713	186663	110276915
13892031	927713	49292	110240104
14351877	927713	119690	110262769
13462738	927713	120468	110266468
14597805	927713	82148	110261265
13461104	927713	157505	110298969
14938891	927713	157505	110254136
13551717	927713	242370	110265071
13828706	927713	8569	110263477
14543487	927713	222072	110254627
14258438	927713	31816	110276475
13941470	927713	197968	110247627
14420698	927713	22157	110256719
14135940	927713	169262	110262099
14189976	927713	69572	110260464
14757341	927713	111662	110274823
13739333	927713	126139	110247418
14913817	927713	75781	110257240
13939495	927713	160080	110258479
15148491	927713	160080	110254826
13931937	927713	236733	110300496
14052491	927713	11986	110244404
14995460	927713	215249	110253865
14777149	927713	35540	110260457
14153152	927713	192390	110257583
14660126	927713	24097	110251579
16384044	927713	146733	110248880
14548191	927713	87680	110260294
16436256	927713	99532	110255919
14072490	927713	134114	110254854
16646190	927713	32721	110270624
14187069	927713	196729	110244282
15481138	927713	196729	110251411
15489903	927713	227620	110255212
14597326	927713	18507	110255689
16295613	927713	202594	110294761
14546842	927713	39615	110249658
16233327	927713	184822	110250969
14979327	927713	25987	110257281
16464214	927713	120498	110249686
14441364	927713	110176	110266772
16769935	927713	83808	110241915
14459692	927713	146968	110252691
16656426	927713	146968	110250300
14804582	927713	234882	110208043
16597852	927713	6478	110326764
16634029	927713	213613	110244511
15176868	927713	31249	110257066
16199269	927713	188679	110254679
15283751	927713	21750	110253763
16350560	927713	153541	110267806
14922550	927713	76128	110232005
16942501	927713	100450	110250857
14656397	927713	127802	110253401
17076527	927713	49125	110240978
14780964	927713	175775	110263672
15986505	927713	175775	110240874
16014278	927713	223544	110249160
15088052	927713	17058	110248608
16920286	927713	199987	110243470
15398682	927713	38894	110279194
16521767	927713	180566	110230913
15563829	927713	25272	110245147
16937123	927713	122329	110249547
15036210	927713	104358	110200306
17289794	927713	84783	110320839
14940333	927713	141223	110236265
17325863	927713	141223	110250783
15229352	927713	230894	110252623
15726187	927713	4616	110245369
16852808	927713	212154	110261077
15593345	927713	27078	110241280
16769836	927713	188532	110242788
15715547	927713	22431	110250548
16878563	927713	160733	110236711
15574375	927713	61221	110259300
17404388	927713	104352	110237693
15145556	927713	119294	110241535
17482498	927713	68659	110245603
15391022	927713	152469	110238749
16848959	927713	152469	110252432
16267412	927713	221546	110234542
15450802	927713	13399	110256765
17457073	927713	199945	110252168
16059678	927713	37211	110195244
16757413	927713	177401	110270167
16039635	927713	23521	110235942
17242184	927713	125954	110181772
15542493	927713	96443	110291236
17752669	927713	87095	110243586
15496685	927713	134584	110273153
17968351	927713	134584	110227715
15478288	927713	226221	110241876
16508389	927713	2659	110242510
16673167	927713	211609	110232964
16035284	927713	23259	110285634
16125746	927713	189231	110228895
15892449	927713	28231	110237127
16244389	927713	179136	110245737
16242819	927713	33017	110242317
16529181	927713	113631	110271214
15825257	927713	106932	110230941
16769048	927713	80273	110234920
15718368	927713	139824	110239991
16949987	927713	139824	110196497
15762515	927713	223573	110253888
16325929	927713	6115	110228806
16472476	927713	205792	110240836
16362390	927713	27064	110243332
16219510	927713	183512	110235338
16399719	927713	23229	110272713
16355041	927713	164060	110229959
16499484	927713	51931	110233222
16808473	927713	107950	110238778
15902679	927713	110788	110231265
16982179	927713	74071	110272203
15984147	927713	142746	110233461
17147994	927713	142746	110234892
16027281	927713	218645	110239497
16158403	927713	9567	110233928
17017755	927713	200180	110245985
16678559	927713	30431	110227392
16330569	927713	178231	110232399
16718784	927713	21314	110240636
16508263	927713	149347	110188915
16565934	927713	68582	110277489
17876479	927713	98179	110226360
16150618	927713	116829	110235615
18373317	927713	61350	110236340
16315701	927713	151156	110233733
17527057	927713	151156	110260231
17257126	927713	211892	110221889
16469620	927713	14575	110232639
18245737	927713	190354	110233236
16815376	927713	35882	110229759
17757006	927713	169847	110266763
16901103	927713	23958	110211481
18194413	927713	117277	110232101
16504052	927713	96003	110234637
18567523	927713	82373	110232974
16318554	927713	131612	110246744
18702089	927713	131612	110224371
16493357	927713	217815	110231370
17254075	927713	4097	110233486
17933803	927713	202627	110184286
17322905	927713	24745	110274967
17891563	927713	178047	110214481
16981136	927713	23277	110242485
18149653	927713	154036	110235503
16957401	927713	55302	110228134
18575673	927713	100562	110412736
16396768	927713	110406	110219451
18430626	927713	65010	110228889
15913929	927713	142100	110224472
17749182	927713	142100	110223069
16797012	927713	205894	110256120
16763051	927713	16071	110213666
17770328	927713	183400	110229096
16580238	927713	35838	110223323
17748939	927713	164421	110222354
17022597	927713	25582	110243687
18376990	927713	106115	110216494
16122105	927713	102131	110228657
18663867	927713	69784	110230829
16039389	927713	137156	110182109
19663988	927713	137156	110256947
16659121	927713	206598	110210557
16946049	927713	13760	110228533
18789796	927713	186322	110224959
17499545	927713	35393	110226344
18149835	927713	166084	110241473
17482212	927713	23399	110219305
18647989	927713	117894	110224381
17082734	927713	91019	110227638
19060644	927713	82107	110222913
16883714	927713	126405	110270700
19285452	927713	126405	110214915
16970444	927713	212339	110220117
17950386	927713	3419	110229930
18295561	927713	198392	110226525
17404541	927713	23156	110258220
18644186	927713	175416	110214136
17323209	927713	26372	110228696
18722685	927713	157698	110244297
17530170	927713	44169	110182891
19311401	927713	100327	110266427
17081414	927713	105686	110216216
19172478	927713	68155	110194651
17143156	927713	137488	110225666
18707161	927713	137488	110225516
17434375	927713	204632	110249472
17139490	927713	12048	110211327
18387061	927713	183371	110219849
17571034	927713	34305	110228453
17722002	927713	161332	110220216
17544348	927713	23698	110262395
18443823	927713	109917	110212078
16679093	927713	93032	110221543
19032821	927713	75329	110220078
16286270	927713	127525	110218138
18833603	927713	127525	110254899
16645486	927713	204100	110213368
17230635	927713	10425	110222034
17403579	927713	183516	110222504
17681599	927713	33378	110171903
18505767	927713	164030	110233437
17927288	927713	22408	110237962
19053170	927713	118406	110223133
17686520	927713	86204	110219443
19476592	927713	83104	110218071
17326162	927713	121233	110229294
19064348	927713	11038	110230459
17445215	927713	189760	110218506
18565885	927713	2147	110222675
17391153	927713	197628	110303087
17813117	927713	19630	110257826
18094760	927713	176354	110209860
17626841	927713	34376	110227269
18151548	927713	163680	110213924
17942752	927713	24232	110209524
17790566	927713	106946	110250983
16904040	927713	95154	110213797
18185531	927713	73134	110216718
16570971	927713	127285	110220185
18436180	927713	127285	110172547
16548787	927713	201045	110257043
17553360	927713	10785	110207070
18599397	927713	180004	110220894
18028914	927713	33162	110210636
18828137	927713	160652	110213418
18349905	927713	23134	110245563
19349892	927713	116265	110205464
17956346	927713	85806	110215677
19747674	927713	81564	110222408
17664619	927713	120051	110213145
19950715	927713	5121	110255270
17730890	927713	192747	110205651
18812418	927713	3304	110217338
18914922	927713	191929	110221299
18169792	927713	21454	110214083
19379726	927713	170897	110243065
18038116	927713	28052	110209153
19467287	927713	158235	110216792
18337979	927713	34172	110219102
18588226	927713	103121	110181039
17880194	927713	98625	110258264
18801368	927713	72672	110211680
17870856	927713	128554	110219288
18931047	927713	128554	110214801
17893000	927713	200608	110212148
18185044	927713	9666	110193775
19687312	927713	184281	110194070
18457411	927713	28829	110215606
18601849	927713	161961	110217390
18238040	927713	21418	110212545
18956615	927713	122475	110255456
17919952	927713	74987	110207285
19748568	927713	82915	110215053
17199086	927713	114166	110219898
19999926	927713	8092	110207832
17668237	927713	186329	110251535
18878810	927713	3805	110204882
18375046	927713	186957	110209631
18267226	927713	23314	110214137
17833323	927713	166111	110169938
18346132	927713	23006	110255220
18454612	927713	149331	110211115
18576057	927713	47542	110212923
18900046	927713	98299	110215785
18141906	927713	100827	110213899
19067408	927713	68328	110250687
18170843	927713	130029	110207300
19746354	927713	130029	110215083
18709549	927713	195700	110217464
18277769	927713	11275	110206718
20158239	927713	178664	110254502
18798251	927713	31550	110206329
19424563	927713	159137	110211325
18773398	927713	22635	110218537
19741923	927713	120553	110211106
18498508	927713	75566	110245598
20166765	927713	84236	110207292
18193326	927713	113376	110216103
20296201	927713	26922	110209834
18272311	927713	166890	110189424
20041731	927713	2507	110257793
19255146	927713	189304	110205026
18443558	927713	19870	110173382
19912276	927713	167828	110204697
18455019	927713	30711	110209773
19987848	927713	156176	110237510
18916917	927713	28341	110197073
20145721	927713	99972	110206613
18414780	927713	95173	110213303
20326224	927713	69860	110206763
18408370	927713	125619	110257590
20103010	927713	125619	110202312
18778579	927713	194593	110212836
18655557	927713	10070	110212692
20208377	927713	178123	110207235
18957245	927713	29156	110238001
19736390	927713	158478	110204059
18988926	927713	21867	110209983
19868718	927713	127912	110172653
18874351	927713	68047	110208370
22028722	927713	84446	110252603
18455075	927713	109504	110206826
19654881	927713	45646	110206891
18574105	927713	146890	110210788
19481628	927713	2828	110211487
18450002	927713	188069	110228899
18458484	927713	15943	110202183
18168728	927713	167233	110203796
18238184	927713	33440	110199782
18129519	927713	151155	110199168
18564987	927713	23925	110240865
18862847	927713	98594	110196687
17744485	927713	93093	110204459
19246242	927713	66519	110207470
18182885	927713	124508	110200798
19400524	927713	124508	110218123
17766729	927713	189255	110220938
18536187	927713	12928	110203503
18705184	927713	171739	110163025
18949581	927713	32964	110201585
19810262	927713	150713	110221635
18804165	927713	22436	110227332
20663821	927713	106572	110202749
18477895	927713	85462	110210348
19742795	927713	75704	110204947
18581086	927713	117288	110213282
19568895	927713	117288	110220247
17830101	927713	191988	110199946
19022288	927713	7198	110198160
18428603	927713	176434	110202052
18929911	927713	26486	110219954
18312607	927713	156088	110222509
18897221	927713	20413	110203826
18518011	927713	125677	110201832
18649476	927713	65279	110202648
19394952	927713	84390	110314056
18002583	927713	106192	110201861
19494559	927713	31525	110202372
18124324	927713	156806	110163083
20815431	927713	3421	110211555
18864976	927713	179081	110191749
18928975	927713	22517	110224779
19574273	927713	157616	110199669
18929061	927713	21424	110203571
19713539	927713	130274	110203135
18748989	927713	57005	110200219
17599451	146545	19540	110237987
31444679	1613312	19540	110152077
31871215	1623960	19540	110102812
31676741	1603711	19540	110104405
31705303	1627804	19540	110107781
32020862	1636796	19540	110120008
31801101	1636425	19540	110136850
31260262	1598231	19540	110120201
31782406	1603409	19540	110120816
31757120	1590802	19540	110115435
32023256	1606370	19540	110111535
32020435	1598269	19540	110122140
32015943	1590063	19540	110054141
31967085	1609260	19540	110099465
32075533	1598677	19540	110093327
31880420	1567956	19540	110082127
31063154	1573382	19540	110086463
31174489	1565064	19540	110101147
31722315	1580819	19540	110108664
31056268	1558771	19540	110130614
31076589	1539144	19540	110108831
31061272	1527395	19540	110099502
31451448	1561889	19540	110101223
31449683	1587923	19540	110102113
30436980	1475352	19540	110097352
30558636	1506100	19540	110119646
30822758	1525653	19540	110117431
31331178	1543813	19540	110116584
31786685	1586532	19540	110114432
30966633	1516582	19540	110119729
30760677	1500050	19540	110121513
31121159	1512641	19540	110160633
31795159	1569204	19540	110064179
31413121	1563483	19540	110115103
30710494	1482577	19540	110140784
31360431	1525026	19540	110135571
31603467	1574200	19540	110062754
30957317	1517517	19540	110036741
31047252	1482339	19540	109950884
31062452	1513788	19540	110044403
31577429	1563681	19540	110027873
30938438	1489473	19540	110026856
30736239	1478330	19540	110036732
31080804	1548668	19540	110035549
31128857	1500142	19540	110037602
31417659	1548137	19540	110044586
31444663	1556379	19540	110048480
31508989	1552217	19540	110024998
31554754	1536537	19540	110036701
31473587	1534645	19540	110031937
31285951	1507934	19540	108734363
33614808	1434599	19540	110025546
33618034	1459846	19540	109910610
30623169	1496481	19540	110014877
30899780	1523516	19540	110017841
31088912	1542639	19540	109938857
31007394	1525033	19540	110007530
30788787	1533561	19540	110018906
30916572	1542412	19540	110027519
31169609	1521563	19540	109969271
31292436	1506996	19540	110015377
31429564	1518725	19540	110010100
31286462	1518121	19540	109961673
30716211	1499793	19540	110004628
30807025	1530808	19540	109990095
30748401	1493144	19540	110005450
30845955	1508181	19540	109986324
30421715	1477369	19540	109997177
30589009	1502692	19540	110028247
30849180	1486382	19540	109966422
31325007	1490167	19540	110009025
31324166	1490624	19540	110010460
31182815	1508760	19540	109953543
31056024	1493370	19540	110037289
30930682	1430590	19540	110026004
30632595	1488189	19540	110041144
30767919	1521025	19540	110038315
30532396	1485956	19540	110036215
30395554	1490231	19540	110032306
30777554	1487770	19540	109778852
31360108	1483816	19540	110031564
31305835	1503195	19540	110009176
31194657	1498398	19540	109978210
31293850	1480580	19540	110005633
30833300	1439848	19540	110018556
31208624	1487946	19540	110013482
31116835	1453875	19540	110009885
30346703	1430430	19540	110017165
30762671	1476504	19540	110014452
30926288	1494725	19540	109971325
30778267	1458871	19540	110043174
30944617	1487386	19540	110011945
30958975	1481417	19540	109960544
31186606	1480710	19540	110007816
30906897	1475023	19540	110011926
30596574	1477674	19540	110018720
30748211	1475328	19540	110020408
30746643	1485701	19540	110010342
30652942	1499065	19540	110014131
30886571	1469491	19540	109929973
30945413	1452210	19540	110030693
30665024	1464005	19540	110042211
30781152	1450767	19540	109994644
31684023	1439255	19540	110024294
30528269	1438085	19540	110014203
30728334	1461839	19540	110016408
30533000	1468092	19540	110021906
30764236	1464914	19540	110018712
30656502	1449542	19540	110022578
30685220	1454150	19540	109964250
30921313	1457596	19540	110011423
30993475	1475187	19540	110011792
30670567	1427505	19540	109991920
30559252	1447275	19540	110047180
30678613	1463397	19540	110119150
30775470	1457227	19540	110039985
30878624	1453435	19540	110041056
30673138	1450804	19540	110036030
30110669	1411382	19540	110035968
30553039	1423792	19540	109992725
30916144	1456845	19540	110030957
30798625	1466349	19540	110029735
31069659	1439113	19540	109982974
31139637	1424392	19540	110039967
31044993	1431888	19540	110045884
30973416	1437958	19540	110040019
30664752	1415438	19540	110025198
30260920	1364772	19540	110021555
30416353	1388134	19540	110022237
30860730	1427523	19540	109938550
30797226	1437151	19540	110021297
30603271	1417350	19540	110026188
30875596	1417646	19540	109949609
30523307	1398340	19540	110031137
30061779	1395586	19540	110032652
30228835	1381867	19540	110038485
30460159	1429161	19540	110097486
30340762	1409240	19540	110064663
29953762	1393212	19540	110029187
30018167	1411367	19540	110023741
30090862	1374308	19540	110097980
30363799	1414744	19540	110035023
30483184	1417628	19540	110007322
30279158	1396551	19540	110034649
30130962	1353844	19540	110034959
29999359	1340425	19540	110035125
30129911	1335957	19540	110033513
30297348	1400253	19540	110038845
19693289	1400253	76575	110057879
23298229	1400253	76575	110002774
22380012	1400253	76575	110074444
22620723	1400253	76575	110069166
23790389	1400253	9064	110008155
22837994	1400253	55014	110044960
21043973	86907	92712	110057173
20087906	61871	128605	110018307
20405350	83638	98027	109873067
20678768	98880	93550	110062457
20960119	86489	104467	110128216
21362660	99930	85437	110140349
21426881	102600	78220	110181955
20897371	83423	109840	110193130
47397192597	552949396	99868761	197966333082
31932129	1389888	300541	79460699
69450513	628337	300541	110094639
15369893	2087103	425589	80955436
49347178	1185815	119589	390615125
83575773	516854	119589	390615125
74933898	668367	119589	110174430
18574156	2025897	412406	82780069
18574156	2731752	624614	74503192
457756195	6351777	1532360	1958018121
17543254	6351777	987872	110172704
1018395	6351777	1743533	110270249
62365247623	730661145	136176483	260491863152
