31120750	630159	359717	107208469
31540530	1365437	346820	109462556
83664427	2274126	849474	266973010
1197818590	32670805	12748699	3954182432
1197818590	21235	1145048	39038929
8844737	3635052	289210	142995462
8844737	2421629	289210	54672021
41695765	3008761	573372	222580819
0	0	0	0
0	0	0	0
0	0	0	0
0	0	0	0
0	0	0	0
0	0	0	0
188070391	7755495	2331917	736276011
203070554	10254562	3404999	887647601
274452586	10495696	5029536	1327822335
274452586	39179	37137	1705759
0	0	0	0
0	0	0	0
0	0	0	0
0	0	0	0
0	0	0	0
0	0	0	0
199296913	6523727	2479730	780649586
199296913	6523727	2479730	113232357
31180087	6523727	2479730	112651077
29321672	6523727	2479730	112090447
16729466	6523727	2479730	111676117
17567085	6523727	2479730	111403685
22660045	6523727	2479730	111182019
15095057	6523727	2479730	111005388
11369687	6523727	2479730	110873811
31549856	6523727	2479730	110768636
31042985	6523727	2479730	110613132
29905729	6523727	2479730	110604548
30616796	6523727	2479730	110538519
19198911	6523727	2479730	110454094
20341439	6523727	2479730	110423264
33259101	6523727	2479730	110377290
17411723	6523727	64007	110346402
29714378	6523727	64007	110319408
20228945	6523727	36962	110305772
30278596	6523727	36962	110278001
31082713	6523727	36962	110252827
15879885	6523727	64545	110239585
28724906	6523727	64545	110131587
28520649	6523727	64545	110177020
28799340	6523727	64545	110165347
27690658	6523727	64545	110150658
28194246	6523727	64545	110149228
28766125	6523727	64545	110147091
23032623	6523727	99610	110146594
24946073	6523727	99610	110136727
28378216	6523727	99610	110070240
29555062	6523727	99610	110104864
20800137	6523727	95001	110092483
28582998	6523727	95001	106484530
29107792	6523727	95001	110143601
47744263	6523727	132230	195433027
21425228	6523727	132230	110117625
4882414357	32187620	18315648	20053342365
12612689	89870	55306	52160836
39442398	266389	153221	162209070
94893348	1044842	792689	420956894
