31070432	629663	369302	109293785
32965546	1405926	349543	109603405
86250549	2307468	853241	272639438
1196989587	32719937	12773966	3939301479
1196989587	2180666	898217	61932576
1196989587	3923899	898217	49029039
1196989587	3567524	898217	51139805
1196989587	3197039	898217	52033182
1196989587	2746898	898217	47965454
0	0	0	0
0	0	0	0
0	0	0	0
0	0	0	0
0	0	0	0
0	0	0	0
173444098	7903097	1980294	680127263
173444098	1495763	1980294	22041178
0	0	0	0
0	0	0	0
0	0	0	0
0	0	0	0
0	0	0	0
0	0	0	0
174458581	9899006	1969724	741742126
174458581	3317783	1969724	49220906
174458581	3129655	1969724	50028076
11755918	1816324	1969724	54825607
11755918	2804947	1969724	51757749
22947013	1314130	1969724	63138524
22947013	2302115	17050	75798188
22947013	2419980	70486	88231093
22947013	2109214	92159	86107542
22947013	1729608	167591	78168211
1181528	1515019	167150	75484600
2601408	1612815	181894	77899163
4330534	1605292	159274	78591653
5397137	1596426	162325	79393072
778262257	51906482	8802431	3616546186
778262257	2084480	8802431	45330962
21666656	965907	8802431	58125293
21666656	1996704	8802431	47015176
26198577	998560	8802431	63610674
26198577	2049529	8802431	51807894
2745141	1256102	203356	77068355
3263907	1356364	192322	77452006
4169258	1293555	191819	76945955
14196982	1334550	201617	78231421
226480298	16407269	2603140	1098482368
226480298	892700	379946	16821773
226480298	837738	521708	17601200
226480298	875341	982180	19689285
330181	965354	1033661	22079187
330181	964932	1010229	19123403
99942	916722	971876	19052101
255549	887814	962876	18865540
1193476500	81833773	16329983	5589720273
6147442	526109	609130	68696439
6147442	526109	456466	18181225
6147442	526109	447722	18761824
9973346	526109	327271	26050924
9973346	526109	439590	18879063
9973346	526109	433999	18195515
9973346	526109	435905	20217011
12501106	526109	290882	26480369
12501106	526109	435946	17753105
12501106	526109	261495	95358931
12501106	526109	444498	112402766
12501106	526109	444498	92845478
178781	526109	27493	2349982
0	0	0	0
0	0	0	0
0	0	0	0
0	0	0	0
0	0	0	0
0	0	0	0
151350822	9802060	2499128	773312628
1605091	9802060	500393	40387695
2715465	9802060	563116	50774674
0	0	0	0
0	0	0	0
0	0	0	0
0	0	0	0
0	0	0	0
0	0	0	0
135973031	8969865	2093665	685849075
25412098	8969865	2093665	88658556
25412098	8969865	2093665	112320659
605689	8969865	2093665	111981740
58636136	8969865	2093665	111796415
55883058	8969865	2093665	111690728
54665828	8969865	2093665	111595194
33524604	8969865	2093665	111498986
13075737	8969865	2093665	111417541
762619	8969865	2093665	111339042
23345666	8969865	2093665	111263062
7501571	8969865	2093665	196517034
26039703	8969865	2093665	111110821
15869805	8969865	2093665	111070124
15869805	8969865	166398	110994129
40526864	8969865	166398	110944559
47348332	8969865	166398	110893272
47187767	8969865	166398	110864784
46480871	8969865	166398	110539879
45570315	8969865	166398	110768630
45113803	8969865	166398	110785256
45113803	8969865	160248	110786981
40207538	8969865	160248	110759086
40207538	8969865	180917	110728002
40383821	8969865	180917	110646232
28167706	8969865	180917	110796863
7994294	8969865	126508	110613522
44904409	8969865	126508	110612854
22039802	8969865	126508	110608621
15700043	8969865	126508	110573072
42324275	8969865	126508	110555410
42310962	8969865	126508	110500201
41773608	8969865	126508	110480112
433797	8969865	178210	110466006
22925223	8969865	178210	110445447
39066290	8969865	178210	110438059
38325486	8969865	178210	110449313
38049135	8969865	178210	110465863
37913845	8969865	178210	110408205
37333377	8969865	178210	110344705
37554675	8969865	178210	110390760
36670734	8969865	178210	110367888
36733121	8969865	178210	110203967
36162798	8969865	178210	109812995
25761217	8969865	178210	110209840
25761217	8969865	324834	110223089
32588124	8969865	324834	110212227
37017116	8969865	324834	110187910
36536797	8969865	324834	110155175
36342123	8969865	324834	110148342
30107663	8969865	324834	110158927
30107663	8969865	282920	110169542
31555339	8969865	282920	110169155
36453155	8969865	282920	110038212
36468831	8969865	282920	110113686
35730216	8969865	282920	110116069
12921144	8969865	80062	110142299
8401326	8969865	144549	109988062
8401326	8969865	353568	110136635
35224343	8969865	353568	110092789
23449338	8969865	8386	110116087
14765182	8969865	165609	110121709
5824360	8969865	168017	110110911
26874007	8969865	168017	110117417
3607811	8969865	230571	110115569
7841566	8969865	174792	110106296
34201691	8969865	174792	110095533
27395571	8969865	174792	110082562
19102190	8969865	63737	110087849
19102190	8969865	298123	110087086
27910740	8969865	298123	110084057
11948906	8969865	153925	110079698
10672307	8969865	164460	110076255
10672307	8969865	294318	110074021
31634411	8969865	294318	110063786
35143430	8969865	294318	110036337
35300685	8969865	294318	110020819
33977698	8969865	294318	107014259
2083400	8969865	250274	109106945
2083400	8969865	328447	109536954
19548235	8969865	1020	110054822
35418409	8969865	1020	110035474
34709044	8969865	1020	109779839
15057654	8969865	172496	110021773
15057654	8969865	319373	110046529
23591033	8969865	319373	110034885
35646015	8969865	319373	110021915
1077147	8969865	714	3710408
0	0	0	0
46871329	720954	319538	222822756
12618747	720954	188019	109971367
19849856	720954	100235	110281195
25654199	720954	18654	110009720
19714068	720954	122845	110029587
1805814	720954	230548	109980229
1805814	720954	276248	110026380
33595958	720954	276248	110010994
33585475	720954	276248	109974271
33657084	720954	276248	109973463
33560597	720954	276248	109951708
33534155	720954	276248	109977581
17163588	720954	65369	109995980
22706218	720954	102657	110010460
36362624	720954	102657	110008169
11399940	720954	177877	109985506
12197052	720954	151021	110007747
10076282	720954	169717	110009984
15172610	720954	160689	110005109
11956883	720954	190463	110007501
34483111	720954	190463	109655310
27587749	720954	167159	142489130
9917995	720954	198873	110000773
30419732	720954	198873	110006319
9207131	720954	240517	109993491
9207131	720954	298067	109995071
18702643	720954	50381	109988511
33994583	720954	50381	109981445
15136451	720954	166600	109963794
21839793	720954	98522	109996308
4188928	720954	219487	109951374
32100272	720954	219487	109984479
32100272	720954	296140	109971813
5035302	720954	247232	109990633
33830665	720954	247232	109975057
33837850	720954	247232	109936580
32080913	720954	247232	109946542
4781311	720954	232566	109969804
21437700	720954	108598	109992283
13250117	720954	157652	109979719
22923976	720954	84452	109981927
1664817	720954	315373	109979665
30698897	720954	315373	109973189
14425770	720954	173848	109969176
10713975	720954	184204	109976810
20898942	720954	106685	109976246
8434093	720954	251388	109969987
24907611	720954	65387	109971956
11747251	720954	191686	109973039
14717807	720954	107224	109975232
20244030	720954	120214	109939233
25165468	720954	87975	109969730
14777688	720954	128617	109966610
32989099	720954	128617	109954838
32853518	720954	128617	109932914
2600519	720954	257726	109950975
27205533	720954	52794	109961834
4868312	720954	227759	109964145
29968009	720954	10961	109963087
9748156	720954	221339	109958539
12690880	720954	135579	109972153
31114401	720954	135579	109958403
8915772	720954	214039	109948756
15704905	720954	160689	109965656
13531685	720954	161614	109962325
25613544	720954	69942	109962324
3335032	720954	287299	109958672
21830372	720954	39246	109964155
32644955	720954	39246	109948599
3146087	720954	262571	109936878
26233428	720954	262571	109896244
33115186	720954	262571	109945541
10875324	720954	248419	109934227
28479873	720954	248419	109948739
20092060	720954	124396	109901698
28600669	720954	124396	109951650
17338596	720954	174150	109939876
9006217	720954	209567	109953707
33128996	720954	209567	109938265
32378549	720954	209567	109917623
4001298	720954	271257	109932269
16753894	720954	96997	109953823
32349611	720954	96997	109844294
28468015	720954	30001	109918615
3362545	720954	281401	109941806
23619103	720954	19338	109948086
33529838	720954	19338	109935469
14202884	720954	211117	109919612
7968978	720954	241745	109950127
32621179	720954	241745	109934024
32356066	720954	241745	109885250
9800036	720954	200947	109927821
19363610	720954	147649	109717307
5336337	720954	289598	109945599
14613089	720954	136549	109940547
31840205	720954	136549	109929245
31760553	720954	136549	109897627
31457143	720954	136549	109908849
5250150	720954	291288	109923343
28413791	720954	291288	109940431
19078753	720954	157276	109928408
7601477	720954	254540	109944541
31781570	720954	254540	109929044
31895895	720954	254540	109899900
28804374	720954	23351	109910708
4798681	720954	284128	109936258
6637014	720954	274740	109944905
31968179	720954	274740	109935320
31912811	720954	274740	109893524
20772063	720954	186562	109883670
7168586	720954	316126	109830565
31783086	720954	316126	109804133
31630678	720954	316126	109901678
5344244	720954	286325	109919773
5634482	720954	289788	109935116
23692512	720954	22893	109865148
31559094	720954	22893	109921238
31686499	720954	22893	109889730
27464335	720954	42772	109904108
7783500	720954	227738	109931893
32244106	720954	227738	109920376
21409572	720954	114611	109386661
6796838	720954	301468	109938252
26415120	720954	122	109934352
31731986	720954	122	109924436
31703502	720954	9725	109895363
6844815	720954	247456	109919952
4872256	720954	278909	109935307
21516918	720954	47959	109937928
31133474	720954	47959	109916583
31184385	720954	47959	109866649
31192943	720954	47959	109886100
31210068	720954	5895	109895979
7894716	720954	220929	109923821
12194868	720954	173249	109930364
31105595	720954	173249	109919501
31141442	720954	173249	109884740
31151577	720954	173249	109884571
31611524	720954	173249	109889336
15210660	720954	189312	109908842
23779894	720954	80047	109933711
25232428	720954	84107	109932962
5979576	720954	276966	109931598
16409596	720954	125800	109927047
31232433	720954	125800	109916590
31387473	720954	125800	109884499
23042102	720954	101192	109900582
6983206	720954	284637	109931388
25962980	720954	5995	109926826
31403338	720954	5995	109877800
17297279	720954	169119	109862965
20485705	720954	68095	109923816
29237889	720954	33222	109924016
12589737	720954	184938	109917030
31519789	720954	14787	109926351
9192580	720954	213647	109754902
27289249	720954	213647	109916356
30660999	720954	213647	109878880
30631992	720954	213647	110028669
30448661	720954	213647	109881180
18326232	720954	175428	109913196
20585772	720954	101512	109932984
31234863	720954	10968	109918340
10005205	720954	208092	109911447
26396220	720954	208092	109944147
30583242	720954	208092	110105447
30406296	720954	208092	109888662
30420702	720954	19634	109906432
9105149	720954	245407	109785466
32560648	720954	245407	109915780
12771200	720954	194738	109875527
29682854	720954	194738	109924554
30587041	720954	194738	109886835
30629066	720954	194738	109856481
25709079	720954	68165	109892107
8293133	720954	300154	109922436
29997380	720954	300154	109916991
27666608	720954	51411	109905930
6692791	720954	263611	109918412
16951518	720954	142483	109927947
30669661	720954	142483	109913971
30844502	720954	142483	109878766
30640665	720954	13596	109892919
11805614	720954	208449	109906024
31118898	720954	17750	109920319
7988111	720954	225381	109912715
17721440	720954	109711	109920475
30733502	720954	109711	109907299
30691891	720954	109711	109877265
21877205	720954	124059	109891912
21168819	720954	119021	109821390
30905999	720954	119021	109913296
11265900	720954	214353	109870175
17113047	720954	149316	109920222
30635059	720954	149316	109908002
31505093	720954	149316	109881940
11659601	720954	207248	109898635
7327914	720954	249989	109921047
30819627	720954	249989	109886754
31112459	720954	249989	109884326
11804055	720954	208237	109905823
8370453	720954	291689	109923532
29855382	720954	291689	109908161
30072237	720954	291689	109875290
30074578	720954	291689	109874041
30808885	720954	291689	109881621
15753732	720954	180153	109898039
9295373	720954	223798	109922729
30149057	720954	223798	109903441
30165473	720954	223798	109873328
30636019	720954	223798	109862016
15606521	720954	183901	109897227
8992423	720954	272703	109932749
30253509	720954	272703	110082790
30293677	720954	272703	109869213
30255389	720954	272703	109888636
25867304	720954	86797	109886044
6846528	720954	274172	109909274
20946628	720954	103565	109917218
30789682	720954	103565	109904786
25006572	720954	100118	109890042
6485083	720954	260145	109474793
12326811	720954	189722	109922879
30342074	720954	189722	109903865
30334513	720954	189722	109877539
25205080	720954	88069	109897101
8237767	720954	283423	109921027
18992358	720954	126449	109916565
30834712	720954	126449	109905323
24296715	720954	106071	109886912
10596495	720954	243816	109892431
23179161	720954	115066	109918915
22974807	720954	137615	109918157
8542126	720954	237309	109917647
10294691	720954	232052	109917280
30485119	720954	232052	109905769
29378835	720954	38057	109877852
7682348	720954	269225	109888873
18941380	720954	170123	109914847
29870267	720954	170123	109904528
29953328	720954	170123	109879383
29882022	720954	170123	109871038
27776799	720954	51607	109767318
9833212	720954	213775	109906914
30753758	720954	213775	109908815
19043798	2045	157843	109900302
17279138	2045	171640	109920432
8191176	2045	252918	109918469
29929871	2045	252918	109885032
30098766	2045	252918	109850277
21229847	2045	128103	109886265
26318728	2045	11587	109918421
22758719	2045	115099	109912042
16693954	2045	183862	109918648
14641476	2045	206797	109917079
24965248	2045	40764	109913205
22859826	1403	117217	109868296
9210372	1403	300133	109928660
29580162	1403	28416	110079233
19964265	1403	164248	109876934
16339397	1403	204378	109910661
23884016	1403	99109	109918783
16418242	1403	206753	109916993
21449661	1403	157405	109914866
8264560	1403	266387	109914989
24148997	1403	53890	109918022
26364042	1403	63024	109918221
6949728	1403	255338	109919921
25254429	368	73893	109920807
11209349	368	203661	109863730
15355067	368	148532	109902952
25778666	1822	85140	109770127
7663174	1822	260920	109912054
12841835	1822	174700	109916455
30509747	535	5478	109906354
11385625	535	204935	109898288
23005117	1172	104855	109917261
11930247	1172	202330	109917133
7183896	1172	260571	109924356
27840490	1172	260571	109908995
24301801	4390	98610	109905720
7553873	4390	264650	109913799
18119130	4390	157736	109914937
26148102	2331	73093	109916345
8993517	2331	271891	109914440
7145799	2331	246256	109913784
25022107	2331	20596	109913224
29634182	2331	20596	109897397
30014087	2331	20596	109869382
28580532	3555	30945	109844438
8160068	3555	260386	109897195
24562194	3555	40232	109911370
26186110	6624	66602	109601162
8245479	6624	260511	109913227
11065014	6624	205830	109909106
30125843	6624	205830	109899266
30139484	6624	205830	109864729
18380470	6624	206702	110031250
17810557	6624	183717	109865411
30238476	4586	26754	109890720
8930696	4586	234356	109896427
17866768	4586	143302	109912139
25476378	5907	82675	109916404
8766085	5907	271356	109913663
29582622	3960	17381	109911979
13671037	3960	195074	109910462
8330090	3960	248320	109915874
30571189	5274	2018	109908051
12530418	5274	206806	109838620
17664058	5274	153446	109875342
30343121	5274	153446	109896762
23713081	6276	100240	109879161
7717704	6276	253184	109917686
7640576	6276	249467	109915741
20069916	6276	91971	109908691
29986237	6276	91971	109898754
29212113	8376	35855	109822918
7380080	8376	244601	109893583
8011405	8376	256384	109913526
15617553	8376	172155	109909403
30022161	8376	172155	109902708
31036586	11853	172155	109277830
13880471	11853	189541	109891012
10532380	11853	220777	109914830
30426087	11853	220777	109842944
19001134	7041	176400	109882527
22398057	9194	122553	109916736
16126815	9194	170023	109912807
16506717	9194	171976	109913301
18790252	9194	97669	109879958
29742193	9194	97669	109897178
30502591	9194	97669	109871351
14544337	9194	189728	109889671
22850075	10694	112992	109907247
15102899	10694	150776	109906241
21134250	9844	133270	109913933
18127768	9855	180761	109917566
11555412	9855	211805	109913748
22645498	10608	114342	109914412
9780098	10608	224651	109914268
26086517	10145	72359	109918404
11157270	10145	201940	109913536
26444348	10343	61595	109913962
15285293	10343	166002	109914534
17261607	10343	158116	109914675
26345037	10569	72710	109913591
14447485	10569	169237	109915662
17462110	10569	161423	109925213
21683270	10789	118425	109920569
15603399	10789	150786	109873540
18820320	11440	160237	109916366
19509044	11440	98067	109912352
21902483	10747	116621	109912307
18659279	10747	146626	109922232
16939322	10747	187247	109911764
12132368	10747	209450	109911392
29990334	13233	22570	109906381
15014803	13233	172071	109901723
19465885	9838	181965	110083747
24862447	11362	91587	109874217
20342733	11316	138795	109897041
8390530	11316	241485	109910613
28888461	12551	35106	109910611
13268920	12551	187150	109905576
19061569	11354	151037	109917067
23066394	12519	104962	109921836
16537595	12519	138967	109912765
20941836	11655	128473	109913537
16759668	11655	141111	109781717
20608741	12009	149062	109873915
9753808	12009	229758	109909593
31123420	11880	229758	109903931
13231387	11880	183896	109887136
28473343	14043	37577	109912531
10149068	14043	230341	109903746
30624657	13826	230341	109906156
14938379	13826	166338	109891509
22503753	13991	102124	109915800
23515832	14604	93131	109919208
22198496	16106	122719	109916364
17581811	9947	162662	109912748
13840677	9947	176943	109910453
23934881	16973	104950	109797519
10709510	16973	207070	109907329
28410709	13999	41117	109912469
11047783	13999	211213	109897494
20182833	14138	130717	109920448
25631019	14887	61176	109917880
14869208	14887	163085	109909441
26858727	16246	43729	109882974
20412860	15568	135731	109903771
20501393	13738	119943	109908210
13469631	13738	186637	109884732
24784413	15376	77251	109917568
11548359	15376	199374	109909906
22376032	15602	100226	109915290
20538288	15101	136641	109826036
17759363	7400	152857	109911030
14897696	7400	195877	109910788
21262570	15542	124265	109918145
18167756	15542	130386	109915576
18533136	10565	162652	109903232
18893718	10565	118552	109910548
19273988	19953	179728	109912509
17196922	19953	151405	109908992
19299547	15075	157098	109912886
22357466	15901	136006	109915078
10354828	15901	214578	109908459
26150827	15742	56183	109911898
19648881	16124	161598	109878997
17703325	16124	140637	109907514
19879958	21966	153021	109921021
8499410	21966	248457	109912475
23376886	21966	51246	109909567
28756608	18242	27529	109905014
17964879	15508	153150	109892371
20501999	16351	145263	109910885
21247988	17158	140684	109911568
20164290	16145	137132	109911382
19407180	19624	159645	109910938
9310548	19624	257161	109911318
26257144	19624	29923	109909227
27584946	21604	50231	109204139
13189234	21604	189944	109903682
22522732	16519	106051	109912010
9748691	16519	267583	109909417
23460257	16519	60847	109903893
18729414	7731	173086	109900489
21567190	19336	146030	109917197
15657769	19336	144592	109874646
18543460	16342	164594	109911538
9129121	16342	234854	109913088
26374687	16342	4764	109903408
29391527	16342	4764	109883256
29464958	17567	20844	109870218
11154223	17567	225415	109888309
24152813	18109	96123	109913580
12625922	18109	207599	109911864
28794848	20283	51577	109914918
10918231	20283	259875	109901924
13188649	20283	193280	109906951
29002539	20283	193280	109894684
28873996	20283	193280	109861306
28790339	20283	193280	109861016
28851370	20283	193280	109860467
29062377	20283	193280	109860390
28937344	20283	193280	109860939
30196672	13738	193280	109869934
20127758	21135	148133	109882731
23899849	22925	121846	109880194
8581643	22925	243076	109847407
17269873	22925	149665	109905295
29919125	22925	149665	109897345
21077990	18707	141607	109880101
9476542	18707	243105	109910082
16229145	18707	133462	109906376
28964001	18707	133462	109896601
28866923	18707	133462	110003759
28838522	18707	133462	109763552
28904806	18707	133462	109876059
28986069	18707	133462	109860268
28869097	18707	133462	109859963
20577064	21135	138261	109878374
14871893	21135	157847	109912108
27728438	20419	52886	109908123
8678183	20419	238857	109902233
24351685	20419	43418	109910096
22830065	20823	113024	109810366
20910350	19936	146306	109913775
12753713	19936	208743	109878113
9390357	19936	251831	109915670
22442708	19936	61276	109908543
29562949	19936	61276	109895242
26507806	19977	58080	109876339
22635384	21732	109212	109906929
18248819	21528	149005	109909511
18244184	21528	150131	109911386
23919502	20160	92399	109911673
28554527	20540	36553	109909588
20888031	20991	144281	109902788
21851965	21385	120895	109912622
23352932	21550	110174	109911097
22497232	22589	135370	109772779
18631394	22589	113646	109905667
29762518	22128	20531	109904087
18255796	22128	121591	109893593
24022933	20537	87659	109915055
21656485	21652	120901	109913795
24660401	21034	89357	109911624
18319623	21795	160431	109882948
13994200	21795	216119	109908256
9200817	21795	243633	107590434
23028656	21795	61459	110027109
29152850	21795	61459	110061978
29131936	20581	33241	110006807
14585728	20581	233186	110006448
19405438	20581	138905	109939067
29107178	20581	138905	109974819
29226980	20581	138905	109973797
26537460	22994	76625	109979063
11291974	22994	278106	109981092
28100825	22994	278106	109917142
29281673	22994	278106	109996929
24414118	21730	115491	109999207
12154539	21730	297625	109999265
25946414	21183	83963	110015767
15546520	21183	230436	109871963
9044478	21183	245403	109893616
9730797	21183	254809	109909549
19275454	21183	104234	109867027
28736809	21183	104234	109893820
28505675	21183	104234	109491697
28121773	21183	104234	109862179
28541225	21183	104234	109861906
28536327	21183	104234	109779105
28522554	21183	104234	109860127
28423099	21183	104234	109859980
28592467	21183	104234	109858849
28765993	23444	44720	109868077
10606934	23444	224181	109891538
25628570	22938	95923	109910260
14059016	22938	224447	109904543
18123322	22938	146896	109905349
29497115	25801	40406	109359160
12470849	25801	199017	109903921
9146896	25801	239368	109907924
19845981	25801	93814	109904655
29096475	25801	93814	109895928
29212560	25801	93814	109862493
29355551	25801	93814	109848785
18112293	13802	170789	109767816
21738324	13802	79864	109907881
24483532	22328	86671	109910348
20695541	22328	98150	109908978
29544239	22587	28433	109897825
12188504	22587	197481	109890613
29666036	22587	197481	109904713
16922922	8780	155271	109884211
25057690	24120	82703	109918999
8759337	24120	232474	109838274
21965153	24120	93298	109899994
29434725	23122	26528	109902265
20496883	23122	84934	109885936
27977630	22369	58932	110069372
11962915	22369	277256	110018653
27019863	22369	8126	110001109
29119168	22369	8126	110002003
29119473	22369	8126	110044052
21360400	22971	164787	110008068
18428252	22971	192249	109990558
29375836	24031	33148	110052998
13944550	24031	253225	110049576
21907641	24031	139530	110048814
24645375	24071	108238	110056153
12546000	24071	291800	110055254
28785541	24071	291800	110041447
21196158	23185	183018	109818898
22154263	23388	166363	110039889
22618382	21929	154916	110027892
12525657	21929	264588	110042271
24122520	21929	70804	110057533
29443317	21929	70804	110067185
23491086	24531	134022	107683994
12327027	24531	301234	110061826
16115272	24531	230185	110063047
28785476	24531	230185	110059578
28920015	24531	230185	110063374
28805997	24531	230185	110075016
29231435	24184	5285	110073429
23313735	24006	146804	110056089
16577331	24006	196139	110062504
27766704	24982	73864	110063445
12195118	24982	292965	110055193
19660827	24982	169829	110055308
29354345	24982	169829	109995972
21565662	23514	165033	110072744
14498090	23514	254800	110070990
29430866	23514	254800	110051728
20956257	22656	163912	110070543
23087984	23052	122691	110050814
16754930	23052	206951	110055723
21723235	23914	167888	109957765
18015502	23914	188460	110069061
29321819	24185	43557	110051409
19035970	14174	184613	110053108
16781044	14174	211127	110057418
19800182	14174	141437	110054710
27339139	26231	61165	110050766
23521470	24888	128708	109929409
15105614	24888	230206	110069258
27244515	24772	72221	110051800
21970173	24976	164636	110055467
21127356	24364	172411	110063057
24849962	24770	118444	110056732
12621878	24770	277939	110057646
29323985	24770	277939	109960058
23537481	45602	128927	110065594
18723549	2537	202432	110062183
23236177	2537	95079	110061723
29521489	2537	95079	110066852
22746266	25863	161160	110066930
11856465	25863	275896	110094761
23754438	25863	66865	110084057
28410540	25863	66865	109855989
28210663	25863	66865	109872647
28429282	25863	66865	109858012
28209396	25863	66865	109857631
28295384	25863	66865	109859375
28246772	25863	66865	109857745
28397526	25863	66865	109838292
28205265	25863	66865	109857249
28464749	24778	27579	109866199
17769877	24778	139171	109884134
27731733	24778	22566	109908681
63009583559	202824391	339641259	322157809229
