31263327	630428	359284	107561839
32428691	1318648	338319	109775334
88842642	2330004	853774	280672638
1208003797	32498182	12700984	3975889124
1208003797	32498182	1000726	33882869
14157969	2719225	355576	117733921
0	0	0	0
0	0	0	0
0	0	0	0
0	0	0	0
0	0	0	0
0	0	0	0
195190519	6619183	2255835	696820944
195190519	2151390	2255835	21443404
0	0	0	0
0	0	0	0
0	0	0	0
0	0	0	0
0	0	0	0
0	0	0	0
197735776	6727502	2283026	706606350
0	0	0	0
0	0	0	0
0	0	0	0
0	0	0	0
0	0	0	0
0	0	0	0
193664861	10019466	2236752	791654627
193664861	196929	2236752	1821727
0	0	0	0
0	0	0	0
0	0	0	0
0	0	0	0
0	0	0	0
0	0	0	0
190602283	10205833	2190331	791171531
0	0	0	0
0	0	0	0
0	0	0	0
0	0	0	0
0	0	0	0
0	0	0	0
184190268	7156468	2127667	685789372
184190268	3373540	2127667	33107896
184190268	820100	2127667	7063304
0	0	0	0
0	0	0	0
0	0	0	0
0	0	0	0
0	0	0	0
0	0	0	0
174740894	10187858	2121651	771714514
174740894	1523525	2121651	81385837
174740894	1498946	2121651	81618979
174740894	1159684	2121651	78826780
1309669133	63535563	15726247	5573588540
1309669133	485603	15726247	7335845
0	0	0	0
0	0	0	0
0	0	0	0
0	0	0	0
0	0	0	0
0	0	0	0
177962812	8815606	2118189	764479449
0	0	0	0
0	0	0	0
0	0	0	0
0	0	0	0
0	0	0	0
0	0	0	0
160931141	11012375	1877070	759996120
160931141	1415773	1877070	11949083
0	0	0	0
0	0	0	0
0	0	0	0
0	0	0	0
0	0	0	0
0	0	0	0
159918187	10081104	2047565	751818428
159918187	519528	2047565	71877719
566548167	32421866	7860811	2797420085
566548167	3438043	3217724	17241459
1892629322	101293625	29419852	8594333102
1892629322	101293625	3728987	78252076
1892629322	101293625	3728987	101599335
34343457	101293625	3728987	49876245
34343457	101293625	3728987	116928347
101800318	101293625	3728987	116061209
94837135	101293625	3728987	115224563
86980730	101293625	3728987	114539491
42778082	101293625	3728987	113971112
10125441	101293625	3728987	113716439
36000592	101293625	3728987	113369531
3822656	101293625	3728987	113058653
26539069	101293625	3728987	112700957
26539069	101293625	3728987	112540031
45477128	101293625	3728987	112361676
63493852	101293625	3728987	112136124
62767253	101293625	3728987	111932645
58281012	101293625	3728987	111785126
56562005	101293625	3728987	111596579
41869810	101293625	3728987	111534457
18601518	101293625	3728987	111493890
18601518	101293625	3728987	111416078
54171812	101293625	3728987	111257754
9907941	101293625	3728987	111240711
46552809	101293625	3728987	111180963
25195056	101293625	3728987	111092298
34499492	101293625	3728987	111072303
49827850	101293625	3728987	110978077
48192020	101293625	3728987	110820762
2254423	101293625	278979	110914440
36854504	101293625	278979	110919630
43369800	101293625	278979	110813109
41426104	101293625	278979	110651172
42542368	101293625	278979	110705573
40499803	101293625	278979	110676536
40961145	101293625	278979	110650238
39584724	101293625	278979	110612862
38207341	101293625	278979	110587005
39537796	101293625	278979	110544706
39537796	101293625	28395	110571446
72126243	101293625	28395	204227432
38716765	101293625	28395	110432207
39023166	101293625	28395	110469570
4151622	101293625	28395	110506820
39165718	101293625	28395	110512070
38416239	101293625	28395	110442610
41909679	101293625	28395	110438240
20234807	101293625	202891	110341545
20234807	101293625	366984	110449554
39857661	101293625	366984	110435791
15576999	101293625	321450	110430368
18138305	101293625	216963	110393901
22062324	101293625	142943	110449344
10893260	101293625	306094	110433629
38432814	101293625	306094	110422405
22168063	101293625	194464	110344396
6806391	101293625	324662	110381029
32289115	101293625	324662	110319924
11326730	101293625	210761	60698300
11326730	101293625	316301	110363229
37504260	101293625	316301	110403901
36887245	101293625	316301	110235311
35983900	101293625	316301	110289860
12552238	101293625	376972	110332225
16676124	101293625	2694	110371369
37087499	101293625	2694	110355586
38413524	101293625	2694	110283233
1232208	101293625	475201	110222350
34727118	101293625	475201	110317888
36801500	101293625	475201	110270235
11919312	101293625	151440	110269684
36308841	101293625	151440	110201577
23865620	101293625	178415	110234530
3475475	101293625	272150	110224216
34132347	101293625	272150	110323915
33894003	101293625	272150	110191876
33982314	101293625	272150	110178963
34048026	101293625	272150	110113081
23907193	101293625	199180	110180786
33176423	101293625	68717	110186602
35297998	101293625	68717	110128929
20427930	101293625	348605	110106825
12300082	101293625	219780	110195182
13045985	101293625	337950	110128278
35803546	101293625	337950	110179528
26327271	101293625	145477	110152306
20436433	101293625	264815	110173865
31795900	101293625	68257	110094337
1594289	101293625	388283	110179814
34657549	101293625	388283	110206590
21471191	101293625	219770	110110341
22791601	101293625	179662	110167064
30376306	101293625	89233	110468864
5788013	101293625	308894	110171229
34572932	101293625	308894	110169712
34116579	101293625	308894	110124940
22727050	101293625	191317	110142539
24206409	101293625	184832	110090156
27641287	101293625	36144	110119003
9879548	101293625	377414	110168673
25155286	101293625	126962	110149585
21120734	101293625	254401	110083990
25838494	101293625	152773	110130878
17985453	101293625	131701	110151772
12367918	101293625	337393	110236092
33107833	101293625	7927	110227946
22098614	101293625	209543	110200903
26513625	101293625	209543	110115029
33233249	101293625	209543	110140638
13918505	101293625	325956	110167903
27506903	101293625	83652	110156633
23436551	101293625	38415	110171087
13276600	101293625	314657	110239561
34096617	101293625	314657	110202314
19463565	101293625	215014	110150832
15943272	101293625	135524	110173033
25601782	101293625	119981	110216368
14937670	101293625	366321	110202854
29492433	101293625	366321	110181790
32873272	101293625	366321	110147305
23211768	101293625	149564	110132860
34202216	101293625	149564	110050752
18639499	101293625	246426	110102311
21788597	101293625	261024	110127776
33792586	101293625	261024	110091979
12658773	101293625	274545	110096687
31976754	101293625	25047	110118871
19558633	101293625	293277	110031189
28753546	101293625	137417	110074234
19146551	101293625	296301	110090666
17370932	101293625	143511	110052021
13072059056	65276139	58607260	57615100736
416220	107750	104834	3027626
