18919462	329548	243511	65798053
28210218	780246	312238	96669162
33274556	1290523	358468	112488947
55038154	1498185	487340	170177328
188030830	5001319	1868740	597398326
1866019730	55187755	21997893	6440465661
1866019730	6672626	21997893	46611091
1866019730	6218652	21997893	48775204
1866019730	5256757	21997893	47199853
1866019730	4489278	21997893	59193598
1866019730	3920890	21997893	76542398
1866019730	3384532	21997893	77409619
335927798	16963140	4256025	1467225130
309360099	16963140	4256025	112302058
84329313	16963140	4256025	111755501
58969073	16963140	4256025	111356155
51508509	16963140	4256025	111012924
298247826	2995780	2143163	1008315719
298247826	2995780	1855195	111172162
298247826	2995780	742648	111013565
41435333	2995780	742648	110890073
33017308	2995780	742648	110786019
31687256	2995780	742648	110690492
36858988	2995780	742648	110628084
33622428	2995780	742648	110563476
36046420	2995780	742648	110508648
29325419	2995780	742648	110463771
37234377	2995780	742648	110422422
28934992	2995780	742648	110388285
36654257	2995780	742648	110356771
30676589	2995780	742648	110283896
31081618	2995780	742648	110295805
33261581	2995780	742648	110292560
32733181	2995780	742648	110259639
33342910	2995780	742648	110244354
28683378	2995780	742648	110227274
35161921	2995780	742648	110216970
30561662	2995780	742648	110204705
28541320	2995780	742648	110090002
33269762	2995780	742648	110180494
30554577	2995780	742648	110200451
33195849	2995780	742648	110167820
28705087	2995780	742648	110154254
33358749	2995780	742648	110139841
27550839	2995780	742648	106479868
33829529	2995780	742648	110142944
30062634	2995780	742648	110134730
28683324	2995780	742648	110128279
12364206	2995780	13284	110194737
19411089	2995780	13284	110183692
21940958	2995780	13284	110151100
20653563	2995780	13284	110144657
19747265	2995780	13284	110133390
19900798	2995780	13284	110051882
22505120	2995780	13284	110128157
20308427	2995780	13284	110134387
21476033	2995780	13284	110101065
23030654	2995780	13284	110096879
21753313	2995780	13284	110096236
21079830	2995780	13284	110091205
22387979	2995780	13284	110082848
22959684	2995780	13284	110076635
21548638	2995780	13284	110076643
23681282	2995780	13284	110071597
23339657	2995780	13284	110072176
22362392	2995780	13284	110067725
21038223	2995780	13284	109981817
23739960	2995780	13284	110087479
22686657	2995780	13284	110089961
22370130	2995780	13284	110092619
24485025	2995780	13284	110078700
23284729	2995780	13284	110122815
22412045	2995780	13284	110094980
22408016	2995780	13284	110096499
24830856	2995780	13284	110106363
23699873	2995780	13284	110094363
22891276	2995780	13284	110074549
22745321	2995780	13284	109998927
25090861	2995780	13284	110094005
23481949	2995780	13284	110069366
24310381	2995780	13284	110058319
25321424	2995780	13284	110055805
24366373	2995780	13284	110055789
23776526	2995780	13284	110052308
24919542	2995780	13284	110048069
25079628	2995780	13284	110048101
23950520	2995780	13284	110041857
25746073	2995780	13284	110042637
25215007	2995780	13284	110047519
24443116	2995780	13284	110043560
23853388	2995780	13284	110012034
22771693	2995780	13284	110040702
15067454	2995780	255857	110043457
7074698	2995780	401025	110072795
3636797	2995780	693026	110038689
14402492	2995780	705208	110038874
34859179	2995780	705208	110032481
32493130	2995780	705208	110033065
31700573	2995780	705208	110034462
34131600	2995780	705208	110033811
32561406	2995780	705208	110042801
34013439	2995780	705208	110045193
31359630	2995780	705208	110030548
34244896	2995780	705208	110029095
31184382	2995780	705208	110031154
30994186	2995780	705208	100002168
287399879	2995780	705208	989062351
32179063	2995780	705208	105261303
30801088	2995780	705208	110026007
33378547	2995780	705208	109968508
31122328	2995780	705208	110027112
31611606	2995780	705208	110032006
31977021	2995780	705208	110036548
32478106	2995780	705208	110038707
32286114	2995780	705208	110048144
30292971	2995780	705208	110038318
23609245	2995780	63795	110082577
23631707	2995780	5217	110128114
25754864	2995780	5217	110089242
25457559	2995780	5217	110072046
24828502	2995780	5217	110068065
24600343	2995780	5217	110162022
25986534	2995780	5217	110051820
25072485	2995780	5217	110052600
25005242	2995780	5217	110055206
26501034	2995780	5217	110053559
25406770	2995780	5217	110058502
24756968	2995780	5217	110055824
24883403	2995780	5217	110071196
26209513	2995780	5217	109799853
24754951	2995780	5217	110050958
25554465	2995780	5217	110049875
26274927	2995780	5217	110050171
25394504	2995780	5217	110050271
24863923	2995780	5217	110047324
24622274	2995780	5217	106447115
25728032	2995780	5217	110059175
24622595	2995780	5217	110048015
25853113	2995780	5217	110060782
25792079	2995780	5217	110053588
25161619	2995780	5217	110052146
24256168	2995780	5217	109954134
26045928	2995780	317	110028393
25946204	2995780	317	110030396
25192654	2995780	317	110029381
24942077	2995780	317	110026059
26251292	2995780	317	110025316
25375593	2995780	317	110020306
25080170	2995780	2461	110016644
26637083	2995780	2461	110016609
25699271	2995780	2461	110025244
25067345	2995780	2461	110014307
25134572	2995780	3391	110014816
26614145	2995780	3391	110014326
24982620	2995780	3391	109884189
25622150	2995780	4073	110013600
26414815	2995780	4073	110014055
25606771	2995780	4073	110003653
25114131	2995780	4073	110024799
24761849	2995780	4534	110014005
20561775	2995780	113580	110018682
11709734	2995780	340463	109961908
9151976	2995780	445910	110015942
9664529	2995780	803170	110017289
33347190	2995780	803170	109881346
32525717	2995780	803170	110014031
30690560	2995780	803170	110039806
33305226	2995780	803170	110000442
30817226	2995780	803170	110010999
33413734	2995780	803170	110011045
31080485	2995780	803170	109899511
31963468	2995780	803170	110009807
31777278	2995780	803170	110010595
32709872	2995780	803170	110026544
32042066	2995780	803170	110031870
30636023	2995780	803170	110018559
32987392	2995780	803170	110016344
30892870	2995780	803170	110017310
33230653	2995780	803170	110015449
30879362	2995780	803170	110013763
32248324	2995780	803170	110014592
32229699	2995780	803170	110038670
30465475	2995780	803170	110012399
32962847	2995780	803170	110008087
30647227	2995780	803170	110012997
33086567	2995780	803170	109891715
30930333	2995780	803170	110008014
31848426	2995780	803170	110006614
31502087	2995780	803170	110006928
32565630	2995780	803170	110009428
31734364	2995780	803170	110008427
30440512	2995780	803170	110007817
25702010	2995780	85843	110008397
28057023	2995780	2023	110010199
28744752	2995780	528	110007553
28030723	2995780	528	110007462
27457984	2995780	528	110006242
27465494	2995780	3107	110011067
26929940	2995780	4694	109389209
26101089	2995780	145	110013207
26021323	2995780	7113	110004162
27202879	2995780	2720	109862881
26429598	2995780	186	110003349
25894707	2995780	301	110002813
26093952	2995780	8253	110006242
27289399	2995780	739	110004026
25819753	2995780	738	110006273
26306426	2995780	8961	110010509
26941027	2995780	1182	110012506
26223763	2995780	1912	109901578
25795153	2995780	1014	110005546
26362739	2995780	9330	110003597
26673949	2995780	1741	110001867
25788434	2995780	3611	110006646
26959530	2995780	8843	110005293
26789201	2995780	2303	110004283
26184364	2995780	1319	110005908
25888326	2995780	5085	110007784
26998487	2995780	6747	110005161
26645513	2995780	1882	110005157
26044477	2995780	2888	110002841
25864552	2995780	6381	109979658
26917046	2995780	7414	110005770
26153222	2995780	3231	110003322
26082331	2995780	9514	110007197
27320564	2995780	3085	110010591
26481623	2995780	2269	110008849
25915303	2995780	3599	110010008
24855902	2995780	11984	109928260
26478149	2995780	3388	109764583
25123459	2995780	3028	110037541
25575422	2995780	10869	110045742
26353404	2995780	3228	110054761
25736193	2995780	2697	110050357
25203755	2995780	2881	110047087
24035012	2995780	10810	106424079
21034098	2995780	62501	110074829
10420290	2995780	250606	110140564
7974989	2995780	263230	110170200
6904950	2995780	497661	110179005
15819311	2995780	464736	110172908
32979577	2995780	464736	110114766
31241664	2995780	464736	110051015
30626932	2995780	464736	110056728
32367301	2995780	464736	109984191
30854335	2995780	464736	110055577
32431100	2995780	464736	110041039
30514138	2995780	464736	110110097
32261969	2995780	464736	110033264
30559102	2995780	464736	110020179
32607656	2995780	464736	109889114
30984571	2995780	464736	109913432
30568220	2995780	464736	110013690
32198289	2995780	464736	110016861
31234778	2995780	464736	110016351
32186188	2995780	464736	110032124
30293135	2995780	464736	109936520
32457020	2995780	464736	110014930
31167970	2995780	464736	110015910
30368578	2995780	464736	110018968
32287321	2995780	464736	110017135
30775091	2995780	0	109990641
32379920	2995780	0	110014447
30462088	2995780	0	110009819
31990489	2995780	0	109990035
30563445	2995780	0	110013740
32570393	2995780	13	110012948
30956672	2995780	13	110014005
30325946	2995780	13	110013511
24780352	2995780	83859	110011112
26072123	2995780	11433	110011215
26917853	2995780	3824	110020503
26364326	2995780	4209	110010373
25754008	2995780	4890	110010477
25913470	2995780	12370	110015002
27084397	2995780	5135	110008554
25871817	2995780	5447	110009226
26452797	2995780	12550	110010950
26843682	2995780	5061	110009777
26182628	2995780	4771	110037506
25709904	2995780	4757	110010225
26614415	2995780	14022	109979564
26491321	2995780	5543	110007321
25758679	2995780	8370	110009714
26920371	2995780	9184	110015703
26515137	2995780	5204	110012872
25942596	2995780	5933	110044171
25884893	2995780	10349	110013480
26951048	2995780	9085	110014855
26020397	2995780	5708	110017149
25840431	2995780	14323	109890639
27028236	2995780	7017	110014548
26240939	2995780	5256	110014122
25643822	2995780	5478	110009454
25816831	2995780	13204	110014008
26934499	2995780	7441	109881508
26491568	2995780	5742	109980624
25747677	2995780	6003	110011340
26213577	2995780	13467	110015490
26799806	2995780	7039	109695299
25652451	2995780	5645	110014594
26385390	2995780	14095	109963048
26691957	2995780	7346	110017871
26080905	2995780	5812	110003601
25599270	2995780	6492	110007943
26588311	2995780	13311	110011661
26380343	2995780	7274	110006278
25734475	2995780	9986	110005484
26901074	2995780	9932	110010052
26431048	2995780	6328	110010461
25908568	2995780	6769	110035260
25840617	2995780	10248	110006664
25106258	2995780	9861	110005507
18429015	2995780	218590	109878157
12639546	2995780	303776	110023230
11152559	2995780	532394	109939122
21548099	2995780	414659	110010970
32520122	2995780	466	110008699
30816194	2995780	466	109899890
30863544	2995780	1404	110000097
31724873	2995780	1404	110001928
31523966	2995780	2136	109978172
31823810	2995780	2136	110003905
30246300	2995780	2136	110006973
32445072	2995780	614	110009163
30297050	2995780	941	110020755
32536094	2995780	941	110001929
30712808	2995780	941	109996232
31203065	2995780	1514	110002285
30924730	2995780	909	109925017
31552090	2995780	948	109998360
31381413	2995780	948	109995659
29945322	2995780	948	110005493
32227680	2995780	948	110024313
30617071	2995780	948	110009227
29674849	2995780	3697	107661310
31731426	2995780	3697	110005188
31181184	2995780	1099	109999888
31817875	2995780	1099	109998988
30115179	2995780	1099	109996566
32259610	2995780	3902	109862562
30069996	2995780	2451	110012599
32355152	2995780	318	109991477
30616112	2995780	318	109990266
30169084	2995780	1671	109992800
24456060	2995780	82878	109991341
26428501	2995780	13812	109991045
26940955	2995780	7402	109992491
26520332	2995780	6712	109993483
25891513	2995780	7210	110008505
26290811	2995780	15163	110004700
26889440	2995780	7491	109995708
25824768	2995780	7873	109995819
26790034	2995780	13566	109997787
26798223	2995780	7298	109995442
26272656	2995780	7266	109996960
25984617	2995780	9735	110001729
26519521	2995780	13883	109936583
25864455	2995780	7652	110019946
25571175	2995780	11897	110015895
26697040	2995780	9744	110022416
26195874	2995780	7028	110015608
25762509	2995780	7551	110003312
25668859	2995780	12976	109999592
26786093	2995780	8951	110007526
25591210	2995780	7647	110034881
25794370	2995780	14673	110023079
26754397	2995780	7890	110022412
26226130	2995780	6686	110019831
25262272	2995780	8834	109935704
26035344	2995780	15090	110012795
26841912	2995780	9193	110010092
26308454	2995780	7374	110008970
25739773	2995780	7736	110004749
26191255	2995780	15704	110086952
26534405	2995780	8737	109971605
25613590	2995780	9618	109995528
26578933	2995780	15144	109840828
26630154	2995780	8047	110000380
26084473	2995780	7865	109998170
25836589	2995780	10798	109999573
26733536	2995780	13279	109982218
26124321	2995780	8469	109997548
25890124	2995780	14872	110002036
27119198	2995780	8824	110000319
26216808	2995780	9225	109862233
25739652	2995780	8864	109993566
25605769	2995780	13573	109993440
24415321	2995780	10598	109919006
13115467	2995780	225099	109929754
9980691	2995780	242178	110166350
21061690825	25360740	28066255	83971614640
53265514	1385363	222321	110179716
55601245	1407489	228560	110181482
55816674	1406516	224684	110181807
6475178	2217078	490911	77090886
6475178	2419502	522569	72483968
6475178	2410613	529581	73515718
22068577177	35105600	31408233	87987834598
