31496088	644487	358589	107866672
32635411	1350526	342219	109398898
86977018	2360037	871879	279823039
1198210118	22978913117221	8915688261063	2775065437190856
815370420295649	22978913117221	538511514643	2775065437190856
815370420295649	1763760970753	538511514643	251937458787
815370420295649	1214659036958	538511514643	251937458787
19999508293063	1214659036958	538511514643	251937458787
18447331784164	1214659036958	538511514643	1136705452103
18447331784164	1214659036958	76040526677	830270969608
1678790538324	1214659036958	76040526677	705405871217
480045504613	1214659036958	76040526677	569482694627
1120226346246	1214659036958	76040526677	469238701003
308876003245	1214659036958	76040526677	387476052134
817541681053	1214659036958	76040526677	334760279931
509513104583	1214659036958	76040526677	288183795652
340842943943	1214659036958	76040526677	243652995127
343421815726	1214659036958	76040526677	220333813355
343421815726	1214659036958	76040526677	194787128292
343421815726	1214659036958	76040526677	173684754832
343421815726	1214659036958	76040526677	151860668592
343421815726	1214659036958	76040526677	140705792233
343421815726	1214659036958	76040526677	127579959655
343421815726	1214659036958	76040526677	116168136340
343421815726	1214659036958	76040526677	106223467340
343421815726	1214659036958	76040526677	97527982831
343421815726	1214659036958	76040526677	89796733241
343421815726	1214659036958	76040526677	80187915385
343421815726	1214659036958	76040526677	77009465868
343421815726	1214659036958	76040526677	71558807432
343421815726	1214659036958	76040526677	66696529415
343421815726	1214659036958	76040526677	62396838257
343421815726	1214659036958	76040526677	58372269592
343421815726	1214659036958	185499798770	54954855390
1231067011041	1214659036958	185499798770	51371733567
1809718001116	1214659036958	185499798770	46394514254
1801238593312	1214659036958	185499798770	42662158521
1582515571474	1214659036958	185499798770	43335275634
1497620173838	1214659036958	185499798770	40992348467
1429141995468	1214659036958	185499798770	38942238074
1177122463902	1214659036958	185499798770	36954602348
1487063981448	1214659036958	185499798770	35125375926
1022850703864	1214659036958	185499798770	30087284906
1022850703864	1214659036958	185499798770	31991311913
1022850703864	1214659036958	185499798770	30495546975
1022850703864	1214659036958	185499798770	29117825161
1022850703864	1214659036958	185499798770	27872426500
1022850703864	1214659036958	185499798770	26633526596
1022850703864	1214659036958	185499798770	25509594800
1022850703864	1214659036958	185499798770	22968732845
1022850703864	1214659036958	185499798770	23533748799
1022850703864	1214659036958	185499798770	22587230851
1022850703864	1214659036958	185499798770	21704236463
1022850703864	1214659036958	185499798770	20876474230
1022850703864	1214659036958	185499798770	20107588513
1022850703864	1214659036958	185499798770	19382062005
1022850703864	1214659036958	185499798770	16037902707
1022850703864	1214659036958	39135887889	18144073189
1022850703864	1214659036958	82713451474	17460399110
1045904563790	1214659036958	82713451474	16768222923
1264207239306	1214659036958	82713451474	16263778227
975399214031	1214659036958	82713451474	15755914071
1097721819429	1214659036958	82713451474	15233638414
961609044149	1214659036958	82713451474	13587865379
1043979023889	1214659036958	82713451474	14323616277
886891745811	1214659036958	82713451474	13864589708
995684493273	1214659036958	82713451474	13446353181
8136949954	1214659036958	82713451474	13050080693
8136949954	1214659036958	82713451474	12650674754
8136949954	1214659036958	82713451474	12264097114
8136949954	1214659036958	82713451474	10890284811
8136949954	1214659036958	82713451474	11631236504
8136949954	1214659036958	82713451474	11303604065
8136949954	1214659036958	82713451474	10985333007
8136949954	1214659036958	82713451474	10680081029
8136949954	1214659036958	82713451474	10403390700
8136949954	1214659036958	82713451474	8751173390
8136949954	1214659036958	82713451474	9873069824
8136949954	1214659036958	82713451474	8678577958
8136949954	1214659036958	82713451474	9374241111
8136949954	1214659036958	82713451474	9210561414
8136949954	1214659036958	2297978776	8947522405
8136949954	1214659036958	91546731602	8784964392
909882921177	1214659036958	91546731602	8470978217
814944542187	1214659036958	91546731602	7439840107
856193847634	1214659036958	91546731602	8136732411
743372319867	1214659036958	91546731602	7949129772
814265324779	1214659036958	91546731602	7765728104
766100711392	1214659036958	91546731602	7590118126
716213038765	1214659036958	91546731602	7418515556
731892984755	1214659036958	91546731602	7244821711
455132360415	1214659036958	91546731602	6290921110
455132360415	1214659036958	91546731602	6955609294
455132360415	1214659036958	91546731602	6801283604
455132360415	1214659036958	91546731602	6649928659
455132360415	1214659036958	91546731602	6531240783
455132360415	1214659036958	91546731602	5538007868
455132360415	1214659036958	91546731602	6256786716
455132360415	1214659036958	91546731602	5395644312
455132360415	1214659036958	91546731602	6030216345
455132360415	1214659036958	91546731602	5897690928
455132360415	1214659036958	91546731602	5795654259
455132360415	1214659036958	91546731602	5676158008
455132360415	1214659036958	91546731602	5574804450
455132360415	1214659036958	91546731602	5438840530
455132360415	1214659036958	91546731602	4652944238
455132360415	1214659036958	61740954273	16354463479
697765179274	1214659036958	61740954273	4927658776
602708411804	1214659036958	61740954273	4878603753
645114768639	1214659036958	61740954273	4803533746
630834363227	1214659036958	61740954273	4714942084
571915370238	1214659036958	61740954273	4626163430
677368106563	1214659036958	61740954273	3917567556
466548031917	1214659036958	61740954273	4476216131
466548031917	1214659036958	61740954273	3620440352
466548031917	1214659036958	61740954273	4336776237
466548031917	1214659036958	61740954273	4258010564
466548031917	1214659036958	61740954273	4198679051
466548031917	1214659036958	61740954273	4126124292
466548031917	1214659036958	61740954273	3456707737
466548031917	1214659036958	61740954273	3996566643
466548031917	1214659036958	61740954273	3935047261
466548031917	1214659036958	61740954273	3864908154
466548031917	1214659036958	61740954273	3816716731
466548031917	1214659036958	61740954273	3754716516
466548031917	1214659036958	61740954273	3694294509
466548031917	1214659036958	61740954273	3066722995
466548031917	1214659036958	61740954273	3593025550
466548031917	1214659036958	28747214193	23632672236
1729143339274	81960366007	9903263203	3050890040
1729143339274	130833452725	26535646598	3050890040
1729143339274	46824314953	25599194842	3050890040
