29097144	596491	360798	99550305
31774118	1255350	353990	109724071
76910022	2055602	760869	245382905
1180469356	31591370	12802459	3905629334
1180469356	270368	1131288	35126337
11410019	2751102	251933	121167143
114678325	1309758	127083	318119126
28921807	1309758	127083	152458073
22118249	1309758	127083	111094907
24547759	1309758	127083	110832018
25870312	1309758	127083	110651909
16198261	1309758	127083	110444811
10377264	1309758	127083	110432512
13015305	1309758	127083	110367376
15104085	1309758	127083	110335703
16643793	1309758	127083	110292684
17960118	1309758	127083	110246546
9666180	1309758	107911	110282619
32963364	1309758	107911	110299430
33073297	1309758	107911	110233884
32814127	1309758	107911	110204403
28753646	1309758	107911	110190913
21605546	1309758	107911	110168252
22326654	1309758	107911	110148363
22693055	1309758	107911	110144625
22999232	1309758	107911	110154219
22957595	1309758	107911	110106786
14056608	1309758	189605	110170806
33259745	1309758	189605	110201957
32908856	1309758	189605	110149058
32898267	1309758	189605	110130522
31351922	1309758	189605	110122326
23985285	1309758	189605	110111629
24148099	1309758	189605	110103455
24303268	1309758	189605	110089357
24494260	1309758	189605	110076591
24567518	1309758	189605	110070723
20989814	1309758	37010	110101305
27083684	1309758	90432	110151139
32641168	1309758	90432	110144026
32631221	1309758	90432	110099313
32230157	1309758	90432	110075201
25458533	1309758	90432	110066907
24962153	1309758	90432	110073406
25055299	1309758	90432	110068666
25128200	1309758	90432	110027850
25080585	1309758	90432	110074388
24689177	1309758	90432	110059868
23214394	1309758	191225	110109191
32306692	1309758	191225	110131742
32306844	1309758	191225	110079555
32333605	1309758	191225	110074276
27578275	1309758	191225	110073162
26213657	1309758	191225	110072055
26074228	1309758	191225	110048834
25504356	1309758	191225	110048533
25518227	1309758	191225	110050316
25570340	1309758	191225	110041952
2919109536	10121808	5670656	11323598782
2993240010	11662514	6377766	11692994791
