30323588	612000	353690	104755632
32873172	1357753	358392	110578192
85716264	2262343	841606	269434087
1196851229	32243956	12818403	3932304995
1196851229	28360	955214	34108703
9324449	2768951	233466	114686819
9324449	330181	233466	3917292
0	0	0	0
0	0	0	0
0	0	0	0
0	0	0	0
0	0	0	0
0	0	0	0
196926548	9166175	2313075	784937585
196926548	2286769	2313075	26669160
0	0	0	0
0	0	0	0
0	0	0	0
0	0	0	0
0	0	0	0
0	0	0	0
0	0	0	0
190033946	10222639	2237634	804306034
190033946	697819	2237634	15317537
0	0	0	0
0	0	0	0
0	0	0	0
0	0	0	0
0	0	0	0
0	0	0	0
184794716	9817398	2166571	778646615
184794716	1311187	2166571	18962882
0	0	0	0
0	0	0	0
0	0	0	0
0	0	0	0
0	0	0	0
0	0	0	0
215439206	7906480	1867761	753096847
215439206	2669471	1867761	34547456
215439206	2440312	1867761	36588991
27969983	1172595	1867761	61681596
27969983	1474	315	191382
0	0	0	0
0	0	0	0
0	0	0	0
0	0	0	0
0	0	0	0
0	0	0	0
182958638	10778926	1992543	797681886
182958638	929339	1992543	19969299
17955005	1165352	199037	82006852
21050898	1304400	230032	94804657
31600165	1094221	230032	75023745
31600165	2191304	230032	30843617
31600165	2515693	230032	41778859
18611457	967610	230032	45819703
18611457	1028144	230032	15981568
0	0	0	0
0	0	0	0
0	0	0	0
0	0	0	0
0	0	0	0
0	0	0	0
29907716	9386485	2019963	738946509
100860394	2222603	1544451	51685420
100860394	1700929	1544451	45465991
100860394	7481462	125150	47448991
100860394	7481462	125150	57109280
100860394	1421891	176179	49063576
100860394	1447631	133616	49833203
100860394	1413555	136549	50819228
67166126	1366356	128292	50754897
67166126	1273547	157332	51499242
25948106	805682	157332	51771714
25948106	1304529	157332	33086105
1706191	423673	17979	16736196
0	0	0	0
0	0	0	0
0	0	0	0
0	0	0	0
0	0	0	0
0	0	0	0
161996843	10753840	1871818	765036318
86127236	246099	1871818	55541160
86127236	372845	275053	69577295
86127236	368010	253134	69202177
3921996594	231348745	47335915	18071724715
183428934	231348745	47335915	157128803
300611685	231348745	47335915	127547958
289308882	231348745	47335915	125642986
255747046	231348745	47335915	124163843
246675206	231348745	47335915	122899979
226536310	231348745	47335915	121736007
196374415	231348745	47335915	120855880
201271708	231348745	47335915	120011199
189760650	231348745	47335915	119175725
178888975	231348745	47335915	118555773
167912588	231348745	47335915	118125027
160316341	231348745	47335915	117310578
123271881	231348745	47335915	116870517
146694922	231348745	47335915	116481383
156925462	231348745	47335915	114583024
135026801	231348745	47335915	115670023
131522355	231348745	47335915	115383630
124558050	231348745	47335915	114998399
119493810	231348745	47335915	114775048
114942882	231348745	47335915	114443369
110981346	231348745	47335915	114246516
109043098	231348745	47335915	114053506
102855845	231348745	47335915	113832131
98293599	231348745	47335915	113641680
53925822	231348745	746007	113401459
99279657	231348745	746007	113417689
103890105	231348745	746007	113263711
103094553	231348745	746007	113113598
95470378	231348745	746007	112974494
97363598	231348745	746007	112862264
92905069	231348745	746007	112728457
93419015	231348745	746007	112623314
91980377	231348745	746007	112511856
90459499	231348745	746007	112430784
88323213	231348745	746007	112333508
86666283	231348745	746007	112244738
73853980	231348745	746007	112167723
83252681	231348745	746007	112084063
82967917	231348745	746007	112029621
80677645	231348745	746007	111873228
79461379	231348745	746007	111707140
77963301	231348745	746007	111630483
76876911	231348745	746007	111621352
75621149	231348745	746007	111557112
75037653	231348745	746007	111481608
74056044	231348745	746007	111460217
70483571	231348745	746007	107731361
70550768	231348745	746007	111365901
47389900	231348745	133453	111237146
67644905	231348745	133453	111308109
70923784	231348745	133453	111247917
68400178	231348745	133453	111163044
122697370	231348745	133453	203212495
67105766	231348745	133453	111105228
65923358	231348745	133453	111059498
65524963	231348745	133453	110992408
64792978	231348745	133453	110999455
64540577	231348745	133453	110939388
63665741	231348745	133453	110862729
62944567	231348745	133453	110854303
61852459	231348745	133453	110885490
62932518	231348745	133453	110803618
62498387	231348745	133453	110719205
62412930	231348745	133453	110824293
62153612	231348745	133453	110747406
61185373	231348745	133453	109489876
61051660	231348745	133453	110722561
61030359	231348745	133453	110729107
60541797	231348745	133453	110659725
60531924	231348745	133453	110693900
60193525	231348745	133453	110641675
60358493	231348745	133453	110657785
42374097	231348745	214224	110586191
41878841	231348745	286849	110559641
60131761	231348745	286849	110639069
60042909	231348745	286849	110538555
59944979	231348745	286849	110572315
59538017	231348745	286849	110511694
58859880	231348745	286849	110435756
59225420	231348745	286849	110512314
58951073	231348745	286849	110513363
59940612	231348745	286849	110469050
58989024	231348745	286849	110488813
56425294	231348745	286849	110356047
57412682	231348745	286849	110388846
57195258	231348745	286849	110427270
57503972	231348745	286849	110444958
57208180	231348745	286849	110402505
57041832	231348745	286849	110424657
56536767	231348745	286849	110410717
56572451	231348745	286849	110380309
55976157	231348745	286849	110398332
55928314	231348745	286849	110363595
55759874	231348745	286849	110381213
55383633	231348745	286849	110331589
54657454	231348745	286849	110289342
54420204	231348745	286849	110322783
54094814	231348745	286849	110343829
54203477	231348745	286849	110283694
52667903	231348745	286849	108457778
54394829	231348745	286849	110451401
54361295	231348745	286849	110483129
54064079	231348745	286849	110494192
53715282	231348745	286849	110462468
53449424	231348745	286849	110498269
53570183	231348745	286849	110392088
53551436	231348745	286849	110460480
52951376	231348745	286849	110377433
52875226	231348745	286849	110458351
52794803	231348745	286849	110650024
52571718	231348745	286849	110455934
52430314	231348745	286849	110376869
52866924	231348745	286849	110426430
52680161	231348745	286849	110412265
52301323	231348745	286849	110359104
52198924	231348745	286849	110369726
51998666	231348745	286849	110397223
52027113	231348745	286849	110355492
51776949	231348745	286849	110341565
52111226	231348745	286849	110383292
52118693	231348745	286849	110352898
52009049	231348745	286849	110372350
52053106	231348745	286849	110318637
51300056	231348745	286849	110363109
31046756	231348745	432468	110410330
36092822	231348745	286199	110374916
41884023	231348745	178701	110446006
51901983	231348745	178701	110309462
52163679	231348745	178701	110362437
52106130	231348745	178701	110312612
51458772	231348745	178701	110343935
52022926	231348745	178701	110351495
52120798	231348745	178701	110306609
52007270	231348745	178701	110328598
51662708	231348745	178701	110278548
51663076	231348745	178701	110294183
51339768	231348745	178701	110296769
51356000	231348745	178701	110273909
51464001	231348745	178701	110273024
51685853	231348745	178701	110312902
51264891	1309	178701	110256538
51519428	1309	178701	110313939
51219863	5190	178701	110316521
51063969	11944	178701	110283855
51096212	17911	178701	110289585
50945646	12880	178701	110227368
50963044	12902	178701	110297828
50550246	8285	178701	110222029
50859886	8285	178701	110285951
50509265	8285	178701	110237864
50865674	9282	178701	110268340
50889282	12370	178701	110228719
50509796	11814	178701	110272735
50633987	13562	178701	110264783
50618310	21136	178701	110230098
50358279	16080	178701	110225987
50406322	24936	178701	110232803
50487819	30409	178701	110221975
50193730	29898	178701	110213824
50400412	22780	178701	110265981
50368202	34033	178701	110223003
50438496	32113	178701	110254605
50101455	36674	178701	110197681
49937234	39437	178701	110276678
50003681	40155	178701	110241253
50059626	46066	178701	110157946
49938329	46955	178701	110236975
49947429	45458	178701	110155178
49971027	52290	178701	110208103
49913218	51325	178701	110175867
49998174	59143	178701	110229829
50038692	64538	178701	110159847
50047607	64107	178701	110216107
49696531	57617	178701	110190484
49298303	59164	178701	110174439
49870877	61660	178701	110170643
49753136	65929	178701	110168468
49732590	67526	178701	110158533
49625163	69339	178701	110235977
48947549	72042	178701	110180829
48830542	79486	178701	110146725
48945482	81317	178701	110190669
49011000	86579	178701	110142091
48937196	90507	178701	110183141
48870750	82014	178701	110212006
48323645	86299	178701	110121474
48332941	86278	178701	110179286
48482773	89614	178701	110162551
48397970	85161	178701	110181817
48240413	87940	178701	109969281
48313577	85495	178701	110180740
48537481	87853	178701	110167343
48355746	85979	178701	110174408
48557415	85932	178701	110180961
48123142	91135	178701	110150473
48083342	96573	178701	110141405
48032912	100122	178701	110131239
48106967	94492	178701	110132557
48148220	89835	178701	110142067
48011494	100411	178701	110196369
48021634	102267	178701	110179972
47969393	105675	178701	110140909
48127965	101983	178701	110180133
47920704	110946	178701	110126773
48001775	109367	178701	110170067
47978528	111488	178701	110155682
47910558	108646	178701	110185412
47812136	113532	178701	110102463
47935231	109304	178701	110172006
47912231	113148	178701	110160392
47904303	118947	178701	110133413
48141283	119129	178701	110161432
48101658	116807	178701	110148602
48071358	116187	178701	110148105
47865169	115458	178701	110094303
47808495	120701	178701	110112192
47752076	119801	178701	110112658
47824154	123935	178701	110127616
47934248	122695	178701	110152991
47756710	123706	178701	110122947
47656687	123834	178701	110155767
47870489	128471	178701	110091168
47758317	125642	178701	110135813
47546628	129991	178701	110104922
47552443	128092	178701	110138211
47393903	128258	178701	110053835
47561762	131878	178701	110138018
47390669	127517	178701	110120936
47519007	127829	178701	110117122
47629672	127941	178701	110147855
47686749	127462	178701	110092294
47664583	125583	178701	110144621
47618219	129634	178701	110098068
12102222	129634	1009477	110195245
21956488	129634	734009	110286789
48061728	135067	734009	110156818
47814448	132278	734009	110121843
47660788	127534	734009	110108261
47440629	120722	734009	110112750
47566992	126547	734009	110125313
47504105	129681	734009	110139933
47634850	129613	734009	110139594
21332505688	166748578	19651977	53417183510
21332505688	166748578	1028365	110387066
107683498	92411	1047342	443042484
16148808	92411	1047342	147916357
3550755	92411	1047342	110304240
3703351	92411	1047342	110249648
3996168	92411	1047342	110216693
4277590	92411	1047342	110223132
4575666	92411	1047342	110231061
4795441	92411	1047342	110240863
5017382	92411	1047342	110251053
5196504	92411	1047342	110243981
5364416	92411	1047342	110232602
5558737	92411	1047342	110170077
5800614	92411	1047342	110204684
5953786	92411	1047342	110161678
6132553	92411	1047342	110202122
6291264	92411	1047342	110215515
6501570	92411	1047342	110223656
6708371	92411	1047342	110218990
6915446	92411	1047342	110217579
7124209	92411	1047342	110215511
7301407	92411	1047342	110221931
7500978	92411	1047342	110154198
7677318	92411	1047342	110180873
7880569	92411	1047342	110160087
8071364	92411	1047342	110185211
8257164	92411	1047342	110205821
8398161	92411	1047342	110204044
8565296	92411	1047342	110202414
8755455	92411	1047342	110218412
8797111	92411	1047342	110218716
2479666680	17002012	2247402	6468618846
8033254	17002012	133235	110144085
7924144	17002012	137798	110185137
8571305	17002012	142372	110161248
8479114	17002012	141842	110206085
8259766	17002012	141334	110204761
8499456	17002012	137740	110208157
8633468	17002012	131939	110202394
8836964	17002012	132857	110208551
8979668	17002012	136377	110175379
9185631	17002012	131684	110167858
9468319	17002012	130574	110136695
9457620	17002012	129501	110172410
9607247	17002012	130424	110168262
9826895	17002012	127430	110192085
10236477	17002012	127651	110161721
10886888	17002012	125845	110193098
10273771	17002012	124717	110217882
10314293	17002012	124561	110209878
1581557844	10094579	1453572	4227350608
1581557844	10094579	1453572	110206849
1581557844	10094579	1453572	110150597
1581557844	10094579	1453572	110192018
1581557844	10094579	1453572	110132837
1581557844	10094579	1453572	110182881
1581557844	10094579	1453572	110199617
1581557844	10094579	1453572	110213997
1581557844	10094579	1453572	110255177
1581557844	10094579	1453572	110189834
166365	10094579	1453572	110189204
338776	10094579	1453572	110188982
491560	10094579	1453572	110155395
708292	10094579	1453572	110184241
1048812	10094579	1453572	110159831
1193967	10094579	1453572	110198088
1207232	10094579	1453572	110182987
1429587	10094579	1453572	110177134
1585027	10094579	1453572	110178699
1735901	10094579	1453572	110178847
1914480	10094579	1453572	110178554
2111605	10094579	1453572	110175950
2260166	10094579	1453572	110145103
2464060	10094579	1453572	110174373
2800012	10094579	1453572	110064908
2780262	10094579	1453572	110134315
2957369	10094579	1453572	110125948
3206391	10094579	1453572	110135927
3206391	10094579	1453572	110161866
3206391	10094579	1453572	110234342
3206391	10094579	1453572	110240972
184115	10094579	1453572	110245521
4607458	10094579	1453572	110171264
5173458	10094579	1453572	110142193
5263524	10094579	1453572	110108388
5396794	10094579	1453572	110137127
5412508	10094579	1453572	110153658
5421438	10094579	1453572	110158207
4837371	10094579	1453572	110156906
4960728	10094579	1453572	110154077
5099473	10094579	1453572	110154307
5198876	10094579	1453572	110137808
973694	10094579	1453572	110126084
1289781	10094579	1453572	110214586
6359490	10094579	1453572	110156029
6220765	10094579	1453572	110168837
6290738	10094579	1453572	110159441
6359644	10094579	1453572	110156746
3751287	10094579	1453572	110165906
5815569	10094579	1453572	110147250
7506605	10094579	1453572	110148107
6463646	10094579	1453572	110125503
7895851	10094579	1453572	110128422
6598134	10094579	11423	110167687
10136747	10094579	450	110119984
17945790	10094579	450	110140935
17525806	10094579	450	110138726
18137423	10094579	450	110137452
14519261	10094579	450	110184058
18005716	10094579	450	110117179
17123803	10094579	450	110123074
17616046	10094579	450	110121651
18003015	10094579	450	110107580
13878401	10094579	450	110129219
16565695	10094579	450	110081788
18919828	10094579	450	110127041
19316720	10094579	450	110148253
17865159	10094579	450	110147741
18709602	10094579	450	110095689
15416863	10094579	450	110102935
19673228	10094579	450	110115493
20036235	10094579	450	110123166
17591598	10094579	450	110099298
19237130	10094579	450	110130239
17142814	10094579	450	110101564
10057351	10094579	15460	110134061
20203292	10094579	15460	110095595
20147963	10094579	15460	110089381
19712106	10094579	15460	110095174
20128205	10094579	15460	110094142
17173187	10094579	15460	110115267
19674172	10094579	15460	110114831
18828809	10094579	15460	110092858
20381386	10094579	15460	110113364
19709884	10094579	15460	110110949
16080111	10094579	15460	110130312
20428027	10094579	15460	110120033
19649606	10094579	15460	110126146
18063410	10094579	15460	110127314
20059666	10094579	15460	110107769
19253994	10094579	15460	110107991
20690768	10094579	15460	110107159
11190616	10094579	15460	110085667
10677569	10094579	48961	110036034
17488453	10094579	48961	110063809
20928459	10094579	48961	110077146
20714966	10094579	48961	110051202
21109285	10094579	48961	110095937
18331201	10094579	48961	110103344
20509178	10094579	48961	110101746
21175381	10094579	48961	110101157
19920529	10094579	48961	110100864
17865125	10094579	48961	110102595
21545690	10094579	48961	110078924
20493417	10094579	48961	110050784
20210566	10094579	48961	110076599
20528564	10094579	48961	110077132
20909766	10094579	48961	110100993
19051008	10094579	48961	110096590
15771634	10094579	48961	110096959
22052526	10094579	48961	110095949
19909150	10094579	48961	110094744
21903356	10094579	48961	110073311
21238505	10094579	48961	110067632
21697932	10094579	48961	110052392
14891721	10094579	48961	110071021
22197147	10094579	48961	110100923
21607464	10094579	48961	110094187
21064004	10094579	48961	110091160
22197115	10094579	48961	110088982
21453551	10094579	48961	110090636
19927406	10094579	48961	110126770
21726640	10094579	48961	110078396
21123957	10094579	48961	110066601
21702233	10094579	48961	110103883
19489167	10094579	48961	110105741
13237635	10094579	48961	110105796
13278217	10094579	48961	110103390
13512838	10094579	48961	110102277
13883100	10094579	39729	110185216
13986494	10094579	26356	110056255
18256731	10094579	26356	110060683
22729748	10094579	26356	110029806
23104667	10094579	26356	110081195
21049266	10094579	26356	110059602
22842942	10094579	26356	110079786
22473858	10094579	26356	110078796
19659142	10094579	26356	110079094
22548496	10094579	26356	110081999
23084150	10094579	26356	110051684
21108305	10094579	26356	110055000
22926702	10094579	26356	110054497
23106168	10094579	26356	110055107
20547168	10094579	26356	110049329
23110630	10094579	26356	110074738
21198052	10094579	26356	110075350
23370151	10094579	26356	110077415
23423488	10094579	26356	110014583
23569803	10094579	26356	110052263
18558389	10094579	26356	110047335
17832279	10094579	4730	110051651
23561133	10094579	4730	110050448
23189756	10094579	4730	110071860
23601041	10094579	4730	110092081
21209606	10094579	4730	110066975
23579533	10094579	4730	110084123
24132715	10094579	4730	110099612
22597512	10094579	4730	110047779
23741126	10094579	4730	110043437
20794482	10094579	4730	110046881
21454706	10094579	4730	110057638
23663439	10094579	4730	110078222
23645619	10094579	4730	110053438
23869717	10094579	4730	110046805
22803563	10094579	4730	110066679
22953017	10094579	4730	110091476
24412426	10094579	4730	110048440
23829036	10094579	4730	110038904
21766960	10094579	4730	110043849
15191963	10094579	599	110043686
15723572	10094579	50188	110066409
23718706	10094579	50188	110065047
24432020	10094579	50188	110039007
24011184	10094579	50188	110062575
24049242	10094579	50188	110040986
21130148	10094579	50188	110102519
21935163	10094579	50188	110045267
25671951	10094579	50188	110048005
25128812	10094579	50188	110040587
23962613	10094579	50188	110033418
24394091	10094579	50188	110028041
22239082	10094579	50188	110037655
24118926	10094579	50188	110019575
24226277	10094579	50188	109971523
23889454	10094579	50188	110010494
24771691	10094579	50188	110033583
24661568	10094579	50188	110024510
20411495	10094579	50188	110037225
16408419	10094579	47930	110063462
23708035	10094579	47930	110056024
25070577	10094579	47930	110033561
23715300	10094579	47930	110033053
25074499	10094579	47930	110005575
24584991	10094579	47930	110029874
22131814	10094579	47930	109945375
25191948	10094579	47930	110028807
24613954	10094579	47930	109984963
24083078	10094579	47930	110021272
25451855	10094579	47930	110023357
25382241	10094579	47930	110021509
19851871	10094579	7018	110029282
24225276	10094579	7018	110040545
25619219	10094579	7018	109999856
25364996	10094579	7018	110019442
25321109	10094579	7018	110026879
25406989	10094579	7018	110037009
22000236	10094579	7018	110055168
26136196	10094579	7018	110046915
25129677	10094579	7018	110030248
24969642	10094579	7018	110025554
25738096	10094579	7018	110029409
26111828	10094579	7018	110027107
23788317	10094579	7018	109990978
18027375	10094579	7018	110028415
17995885	10094579	7018	110094196
18001824	10094579	7018	110075153
18101390	10094579	7018	110100292
18129233	10094579	7018	110114834
15780319	10094579	7018	110122663
16845947	10094579	7018	110134005
17185362	10094579	7018	110113070
16631312	10094579	10598	110019251
15264645	10094579	45525	110093432
16533218	10094579	24835	110085812
18883059	10094579	16803	110103248
24119551	10094579	16803	110063779
26598416	10094579	16803	110036499
25856039	10094579	16803	110026668
26430420	10094579	16803	110021016
25312087	10094579	16803	110030125
25700607	10094579	16803	110019639
26580131	10094579	16803	110015529
26464080	10094579	16803	109983592
22942327	10094579	16803	110000620
25168999	10094579	16803	110035166
27224855	10094579	16803	110016528
26769907	10094579	16803	110009576
26138128	10094579	16803	110009308
25463277	10094579	16803	110014021
25965148	10094579	16803	110024629
26974320	10094579	16803	110009434
25431945	10094579	16803	110013486
26256132	10094579	16803	109979416
26515264	10094579	16803	109952742
22669413	10094579	16803	110003313
19117496	10094579	24027	110032495
26026002	10094579	24027	110049346
26702215	10094579	24027	110022042
25977071	10094579	24027	110018165
27119338	10094579	24027	110021590
26491876	10094579	24027	110110088
23663127	10094579	24027	110035078
26272391	10094579	24027	110002454
26964548	10094579	24027	110011065
26610694	10094579	24027	110048965
25465618	10094579	24027	110019371
27324984	10094579	24027	110018073
26420105	10094579	24027	110008266
25989603	10094579	24027	110023396
23732721	10094579	24027	110019978
27432006	10094579	24027	110014649
27192818	10094579	24027	110010610
27616970	10094579	24027	109988845
24490045	10094579	24027	109999716
27236427	10094579	24027	110016922
27139139	10094579	24027	110010475
27155203	10094579	24027	110010071
26997701	10094579	24027	110011751
19047682	10094579	24027	109993747
18301732	10094579	36472	110101303
19400258	10094579	21354	110082183
22068041	10094579	21354	110046900
27564077	10094579	21354	109992310
26762179	10094579	21354	109995651
27723110	10094579	21354	110003099
26891091	10094579	21354	110004061
27456466	10094579	21354	109999783
27881592	10094579	21354	109999974
22582183	10094579	21354	110020430
27417454	10094579	21354	110030058
27716818	10094579	21354	110010044
27022144	10094579	21354	109999675
27741874	10094579	21354	109966637
26707104	10094579	21354	109978141
27435804	10094579	21354	110014215
26385597	10094579	21354	110015886
20910195	10094579	21354	110028367
28260106	10094579	21354	109948233
27508409	10094579	21354	110002505
27865016	10094579	21354	109999530
26580355	10094579	21354	109960423
28034699	10094579	21354	110051152
27935969	10094579	21354	109981536
26901966	10094579	21354	109982287
25918467	10094579	21354	110002910
28388757	10094579	21354	110003250
27968060	10094579	21354	109961883
27399076	10094579	21354	109944192
28297338	10094579	21354	109996481
27931502	10094579	21354	110000044
20518406	10094579	26295	110021021
28203689	10094579	26295	110024374
27963695	10094579	26295	109964165
27096595	10094579	26295	109955525
28368353	10094579	26295	110000216
28445588	10094579	26295	109994318
23172513	10094579	10697	110011332
27876475	10094579	10697	109992761
28512759	10094579	10697	109999821
27460760	10094579	10697	110003027
28439882	10094579	10697	110005703
25190636	10094579	10697	110028213
28624372	10094579	10697	109988493
28105785	10094579	10697	109983786
27528031	10094579	10697	110001304
28391334	10094579	10697	110000150
28674294	10094579	10697	110002326
20903043	10094579	5775	109980390
20309818	10094579	2509	110090541
19462638	10094579	21393	110090860
18652571	10094579	42717	110100762
20591012	10094579	42717	110108340
19623033	10094579	35766	110043323
20925744	10094579	25133	110050921
22001960	10094579	2326	110066644
29941320	10094579	2326	110018835
28819087	10094579	2326	110008602
28749224	10094579	2326	109996177
27274052	10094579	2326	109995178
27987933	10094579	2326	110001877
28794459	10094579	2326	109989702
27158364	10094579	2326	109990658
28476528	10094579	2326	109953996
28333680	10094579	2326	109966468
24426627	10094579	2326	110003399
28795106	10094579	2326	110001911
28612536	10094579	2326	109996984
28392307	10094579	2326	110000816
27973855	10094579	2326	110017776
28153373	10094579	2326	110008977
28841462	10094579	2326	109998127
24382888	10094579	78	110012942
26771779	10094579	78	109991712
29561643	10094579	78	109978203
28816953	10094579	78	109922136
29491003	10094579	78	109987918
28325411	10094579	78	109985152
29159151	10094579	78	109990728
26697521	10094579	78	109990857
28593284	10094579	78	110003160
28824421	10094579	78	110009514
27806908	10094579	78	109994481
28606001	10094579	78	109963596
29015823	10094579	78	109974028
23480221	10094579	78	110017510
23030234	10094579	17655	110058861
29887355	10094579	17655	110026563
29500939	10094579	17655	110004599
29344375	10094579	17655	109996487
29519041	10094579	17655	109987148
27220141	10094579	17655	109986596
29458923	10094579	17655	110011868
28909256	10094579	17655	109952116
28220448	10094579	17655	109971482
28591875	10094579	17655	110011117
24909264	10094579	17655	110001316
28559579	10094579	17655	110012461
28782298	10094579	17655	109993697
28888212	10094579	17655	109984752
25511721	10094579	17655	109983755
29291685	10094579	17655	109985702
28480729	10094579	17655	109989527
29398895	10094579	17655	109962395
26996960	10094579	17655	110044134
29137557	10094579	17655	109985629
29073595	10094579	17655	109977643
28373649	10094579	17655	109981334
29178191	10094579	17655	109982726
29588784	10094579	17655	109989204
22170529	10094579	8561	110010228
21889486	10094579	43429	110054469
28096195	10094579	43429	110037941
29596817	10094579	43429	109961937
29839178	10094579	43429	109881394
28812959	10094579	43429	109991569
29076127	10094579	43429	109980853
25713760	10094579	43429	109992392
28955028	10094579	43429	109993536
29453787	10094579	43429	109985317
27127675	10094579	43429	109986254
29186471	10094579	43429	109985909
29811078	10094579	43429	109996393
28833212	10094579	43429	109970636
29233684	10094579	43429	109964171
29667572	10094579	43429	109981977
22208041	10094579	22461	109958923
26114188	10094579	1398	110015603
29585836	10094579	1398	109991708
29865098	10094579	1398	109985414
28777571	10094579	1398	109984971
29257132	10094579	1398	109978859
27385374	10094579	1398	109985797
28574920	10094579	1398	109959740
29396236	10094579	1398	109958669
29781468	10094579	1398	109985189
27948961	10094579	1398	109977442
29042306	10094579	1398	109986566
29447911	10094579	1398	109976966
29407613	10094579	1398	109984252
26981079	10094579	1398	109988983
29814349	10094579	1398	109992331
30141113	10094579	1398	109984151
28904184	10094579	1398	109956020
29193298	10094579	1398	109992065
29651687	10094579	1398	109987403
26201199	10094579	1398	109988246
23021948	10094579	1398	110022892
23058208	10094579	1398	110053149
23050736	10094579	1398	110043824
23083686	10094579	1398	110026046
23067215	10094579	1398	109991636
23115495	10094579	1398	110020271
23092815	10094579	1398	109965834
23088916	10094579	1398	110029155
23187642	10094579	1398	110043885
23194200	10094579	1398	110040396
20834254	10094579	1398	110076692
20484716	10094579	1398	110106609
23217819	10094579	1398	110089187
23381924	10094579	1398	110058641
23432830	10094579	1398	110050272
23406620	10094579	1398	110034122
23380474	10094579	1398	110009984
22242836	10094579	1398	110040703
22692915	10094579	4550	110102714
23152886	10094579	11390	110083845
23064083	10094579	14336	110050316
20597438	10094579	70634	109997582
22974378	10094579	8059	110082782
22660281	10094579	33576	110050500
23306565	10094579	28498	110049424
27536045	10094579	28498	110016341
30245396	10094579	28498	109965481
29689714	10094579	28498	109959306
29584181	10094579	28498	109987639
29148727	10094579	28498	109998214
30129873	10094579	28498	110020226
29648435	10094579	28498	109982688
29977229	10094579	28498	109972300
27025461	10094579	28498	109984631
29592262	10094579	28498	109988237
30043871	10094579	28498	109951438
28789795	10094579	28498	109958623
29990968	10094579	28498	109949026
30199733	10094579	28498	109970344
29762986	10094579	28498	109984320
29988882	10094579	28498	110012388
25155641	10094579	10808	109987514
30904058	10094579	10808	110006628
30563072	10094579	10808	109987502
29959254	10094579	10808	109985315
30721119	10094579	10808	109987000
30193987	10094579	10808	109944888
27608602	10094579	10808	109952956
30387918	10094579	10808	110008345
30229610	10094579	10808	109995015
30088919	10094579	10808	109985597
29913110	10094579	10808	109979934
30558513	10094579	10808	109981724
24641798	10094579	22812	109996628
28271913	10094579	22812	110033205
30071365	10094579	22812	110020566
30282724	10094579	22812	109949206
30580223	10094579	22812	109960765
29024167	10094579	22812	109980332
30613632	10094579	22812	109875860
29823015	10094579	22812	109976656
30291886	10094579	22812	109975752
26159965	10094579	8463	109985979
30030244	10094579	8463	109989929
30288636	10094579	8463	109974876
29825651	10094579	8463	109982397
30143182	10094579	8463	109942208
28153784	10094579	8463	109952394
29977667	10094579	8463	109992784
30509277	10094579	8463	109976639
29644667	10094579	8463	109978259
29999569	10094579	8463	109969154
23322236	10094579	20246	109969229
23771856	10094579	55753	109996389
24678984	10094579	37182	110033828
29063141	10094579	37182	110002145
30280773	10094579	37182	109944555
30559901	10094579	37182	109963289
30459839	10094579	37182	109972654
29158751	10094579	37182	110048935
30691834	10094579	37182	110000049
30364821	10094579	37182	109991633
28954799	10094579	37182	109985778
28941008	10094579	37182	109990469
30517034	10094579	37182	109980500
30101071	10094579	37182	109971404
30366705	10094579	37182	109753107
29581078	10094579	37182	109949431
30417877	10094579	37182	109982924
30705838	10094579	37182	109971995
29107408	10094579	37182	109971961
30593303	10094579	37182	109983479
30008822	10094579	37182	110008437
28402424	10094579	37182	110001937
24507294	10094579	40187	110019912
29826892	10094579	40187	110002889
30396435	10094579	40187	109942505
30689063	10094579	40187	109952807
29626040	10094579	40187	109895311
30719189	10094579	40187	109972111
29006326	10094579	40187	109970145
30041536	10094579	40187	109974372
30782051	10094579	40187	109965288
27687634	10094579	748	109979273
31181318	10094579	748	109986884
30580846	10094579	748	109967280
31242332	10094579	748	109924793
29556257	10094579	748	109937635
30837878	10094579	748	109964430
29967729	10094579	748	109969924
31097356	10094579	748	109966892
24506533	10094579	12539	109987835
23766759	10094579	12807	110054606
23148213	10094579	35922	110081072
22815806	10094579	45374	110084210
23802083	10094579	35749	110071936
28841306	10094579	35749	109977516
30517748	10094579	35749	109964681
31074258	10094579	35749	109964546
30124951	10094579	35749	109990967
30940286	10094579	35749	110014369
29733771	10094579	35749	109989962
31399496	10094579	35749	109993623
30535138	10094579	35749	109977178
30864161	10094579	35749	109981318
26456058	10094579	1977	110012508
24724917	10094579	26088	109935572
29498096	10094579	26088	109982676
30932376	10094579	26088	109978418
30619423	10094579	26088	109968155
30672739	10094579	26088	109971079
30085233	10094579	26088	109969962
30722434	10094579	26088	109964970
31094579	10094579	26088	109966779
29274420	10094579	26088	109968271
30925753	10094579	26088	109981275
30422275	10094579	26088	109937619
30836092	10094579	26088	109947848
31207324	10094579	26088	109964803
26262257	10094579	9707	109969164
31684104	10094579	9707	109980779
31129532	10094579	9707	109969247
30540680	10094579	9707	109969449
31022245	10094579	9707	109965004
30937341	10094579	9707	109962246
28706908	10094579	9707	109981520
31356905	10094579	9707	109966313
30651260	10094579	9707	109953750
29789758	10094579	9707	109971819
31289804	10094579	9707	109987100
31015369	10094579	9707	109981154
30199837	10094579	9707	109969240
24090776	10094579	17260	109999953
23226367	10094579	56263	110054387
24947925	10094579	41339	110062052
28561840	10094579	6321	110019868
31073653	10094579	6321	109957180
30777505	10094579	6321	109966883
31071952	10094579	6321	110003136
31446691	10094579	6321	109979174
28573575	10094579	99	109981436
30835515	10094579	99	109984355
31312043	10094579	99	109976066
29655703	10094579	99	109980801
31476180	10094579	99	109972692
31037997	10094579	99	109873249
30896625	10094579	99	109933522
28123237	10094579	10090	109948358
30052828	10094579	10090	109991140
31278058	10094579	10090	109978186
30103591	10094579	10090	109991410
30833583	10094579	10090	109973061
31330173	10094579	10090	109968371
29546866	10094579	10090	109966810
31019479	10094579	10090	109966761
30898257	10094579	10090	109961420
31130760	10094579	10090	109927165
26580053	10094579	6199	109958172
24747303	10094579	44556	110016909
27600499	10094579	19809	109968809
31702077	10094579	19809	109983773
30796077	10094579	19809	109972407
31346169	10094579	19809	109961577
31549539	10094579	19809	109960242
29809180	10094579	19809	109965770
30609169	10094579	19809	109923227
31250428	10094579	19809	109901410
30947134	10094579	19809	109960918
31392587	10094579	19809	111648917
28887317	10094579	19809	109978197
31088430	10094579	19809	109983886
31256841	10094579	19809	109987269
29590277	10094579	19809	109961820
31161360	10094579	19809	109955802
30983288	10094579	19809	109964329
30899524	10094579	19809	109963330
31130566	10094579	19809	109935196
26767149	10094579	3601	109948380
31807210	10094579	3601	109871560
31326146	10094579	3601	109963586
30043574	10094579	3601	109973512
31530205	10094579	3601	110070462
30838343	10094579	3601	110006531
31720326	10094579	3601	109977089
31401709	10094579	3601	109960445
30755384	10094579	3601	109962405
31516640	10094579	3601	109903409
29708674	10094579	3601	109968919
25597065	10094579	3601	110017169
25569123	10094579	3601	110019075
25567527	10094579	3601	110018466
25583363	10094579	3601	110022323
25600239	10094579	3601	110035445
23135971	10094579	3650	110068058
25354242	10094579	3650	110069721
25518230	10094579	3650	110033637
25435592	10094579	3650	110001292
24713594	10094579	9966	110018577
25048411	10094579	15997	110069179
24577505	10094579	45360	110045832
25489184	10094579	51094	110039632
29329018	10094579	513	109911227
31507966	10094579	513	109993183
31396094	10094579	513	109978085
31145026	10094579	513	109984968
29979076	10094579	513	109962637
31234052	10094579	513	109908845
31274243	10094579	513	109961003
31662831	10094579	513	109962585
28655842	10094579	4408	109969943
31855034	10094579	4408	109971689
31791102	10094579	4408	109967992
30443804	10094579	4408	109968205
31384888	10094579	4408	109989891
31179220	10094579	4408	109982010
31457283	10094579	4408	109979272
27421529	10094579	15223	109959040
32064754	10094579	15223	109970812
31919233	10094579	15223	109966590
31469569	10094579	15223	109970390
31834754	10094579	15223	109963606
29482883	10094579	15223	109972710
31448224	10094579	15223	109976195
31494509	10094579	15223	109900881
31751902	10094579	15223	109966255
31111891	10094579	15223	109961052
31338272	10094579	15223	109907592
25378100	10094579	30518	109981108
30117257	10094579	196	110020878
31756461	10094579	196	109998268
30552275	10094579	196	110017417
31741161	10094579	196	109982051
30317856	10094579	196	109969360
31616453	10094579	196	109986177
31414557	10094579	196	109966558
31655025	10094579	196	109964576
28517672	10094579	6304	109915860
29878042	10094579	6304	110000055
31654855	10094579	6304	109986171
31829447	10094579	6304	109968088
30871893	10094579	6304	109966147
31093448	10094579	6304	109968153
31663201	10094579	6304	109970873
29378818	10094579	6304	109970311
31233224	10094579	6304	109984063
31577230	10094579	6304	109987023
30873122	10094579	6304	109906072
31247784	10094579	6304	109964969
31628037	10094579	6304	109967541
26182927	10094579	15162	109988672
24838437	10094579	47359	110042594
27276775	10094579	24975	110038654
31894466	10094579	24975	109994817
31511597	10094579	24975	109961688
30709536	10094579	24975	109964574
31725812	10094579	24975	109973217
31419822	10094579	24975	109920667
29566232	10094579	1297	109976980
29398980	10094579	2425	109982303
31741586	10094579	2425	109933900
31530319	10094579	2425	109963319
31246009	10094579	2425	109962606
32094832	10094579	2425	109962914
29515851	10094579	687	109961013
32127866	10094579	687	109965594
31880948	10094579	687	109961630
31219941	10094579	687	109909695
32040624	10094579	687	109985539
31745639	10094579	687	109960637
27042945	10094579	14037	109981343
26067822	10094579	45311	110018210
30990861	10094579	45311	109933496
31653784	10094579	45311	109968361
31823389	10094579	45311	109957619
30825871	10094579	45311	109962861
31488822	10094579	45311	109961293
31790420	10094579	45311	109906866
30356142	10094579	45311	109955924
31422606	10094579	45311	109970241
31039271	10094579	45311	109967917
32173325	10094579	45311	109970197
31579438	10094579	45311	109965765
31620723	10094579	45311	109954373
27472336	10094579	23634	109965578
31133997	10094579	23634	109982848
32094749	10094579	23634	109964464
32083251	10094579	23634	109902219
31058038	10094579	23634	109970413
31715887	10094579	23634	109984787
32111469	10094579	23634	109957529
29466144	10094579	23634	109961811
32278145	10094579	23634	109983375
32037065	10094579	23634	109965513
30546235	10094579	23634	109960009
31958344	10094579	23634	109973568
31388177	10094579	23634	109968453
31769101	10094579	23634	109914353
28113694	10094579	23634	109986665
26235527	10094579	23634	110024961
26005658	10094579	23634	110044843
25544647	10094579	23634	110062916
26287597	10094579	7484	110074725
29693123	10094579	4882	109991795
31788910	10094579	4882	109969818
32467029	10094579	4882	110055715
31180143	10094579	4882	109969050
32193631	10094579	4882	109910068
31886590	10094579	4882	109963518
30568123	10094579	4882	109972035
31846861	10094579	4882	109930871
31758074	10094579	4882	109962502
32047603	10094579	4882	109962191
29381678	10094579	4882	109978388
26129353	10094579	20103	110003713
31199183	10094579	20103	110003722
31696089	10094579	20103	110034545
31403095	10094579	20103	109975007
31937031	10094579	20103	110028085
31078613	10094579	20103	110040052
31326079	10094579	20103	110025343
31753453	10094579	20103	110024710
31443887	10094579	20103	110024618
32098291	10094579	20103	110028253
30624677	10094579	20103	110034804
29360081	10094579	8321	110043236
32218383	10094579	8321	110049194
31639909	10094579	8321	110002876
32284939	10094579	8321	110031462
28734537	10094579	10915	110049823
32239853	10094579	10915	110073667
31759763	10094579	10915	110047277
31913614	10094579	10915	110062961
31092638	10094579	10915	110039904
32301191	10094579	10915	110075877
31506377	10094579	10915	110035529
32213453	10094579	10915	110038736
31749534	10094579	10915	109982738
27003557	10094579	10915	110069192
26545724	10094579	3877	110109763
26824599	10094579	31676	110151389
31751271	10094579	31676	110081569
31861960	10094579	31676	110060693
32093398	10094579	31676	110055175
29917636	10094579	625	110061088
32070948	10094579	625	110066802
30986024	10094579	625	110047687
31538203	10094579	625	110012835
31404698	10094579	625	110040905
31711738	10094579	625	110013690
31890509	10094579	625	110057297
27835870	10094579	15064	110039859
31990345	10094579	15064	110031284
31327456	10094579	15064	110020986
31763071	10094579	15064	110025842
31790446	10094579	15064	110029049
32045257	10094579	15064	110009832
30522386	10094579	15064	109952535
32048180	10094579	15064	110008293
31439777	10094579	15064	109983547
32168185	10094579	15064	110009320
32113288	10094579	15064	110008015
26686092	10094579	10038	110009234
27131949	10094579	30441	110021431
32254353	10094579	30441	110012004
32018849	10094579	30441	110004638
31405284	10094579	30441	110007424
32032325	10094579	30441	109963527
31628251	10094579	30441	110007978
32085051	10094579	30441	110005426
30264406	10094579	326	110013217
31715690	10094579	326	110008809
31398814	10094579	326	110031287
31967951	10094579	326	110003306
31816947	10094579	326	110006591
30077166	10094579	2923	110006631
29279484	10094579	13116	110008803
31972181	10094579	13116	109972178
32163652	10094579	13116	110005730
31165379	10094579	13116	110006955
32144050	10094579	13116	109999668
32013856	10094579	13116	110001627
29823937	10094579	7021	110003214
31465889	10094579	7021	110002959
32082842	10094579	7021	110004064
31649763	10094579	7021	110004053
32077210	10094579	7021	110001950
31666346	10094579	7021	109968870
31871617	10094579	7021	110004241
31312631	10094579	7021	110014751
32066116	10094579	7021	110004244
58052719167	159864399	23225908	181671835584
15265457	133253	23225908	110041784
14120792	66688	23225908	110032706
13297000	66688	23225908	110032963
12132131	66688	23225908	110027646
12890779	66688	23225908	110027649
11781762	66688	23225908	109980716
12932606	66688	23225908	110022350
12789891	66688	23225908	110028293
12775582	66688	23225908	110029223
13112828	66688	23225908	110026472
13370391	66688	23225908	110027206
12573422	66688	23225908	110017376
13175814	66688	23225908	110027127
13253897	66688	23225908	110030087
12545051	66688	23225908	110040692
13198863	66688	23225908	109973758
12639902	66688	23225908	110026464
13293261	66688	23225908	110026963
12731663	66688	23225908	110028954
13343253	66688	23225908	110027002
12979179	66688	23225908	110026197
13290325	66688	23225908	110017856
13453621	66688	23225908	110037119
13088921	66688	23225908	113599410
13546270	66688	23225908	110021530
12908292	66688	23225908	109982592
13645182	66688	23225908	110037150
13073202	66688	23225908	110018866
13491511	66688	23225908	110025923
13169689	66688	23225908	110024654
13713539	66688	23225908	110025571
13129964	66688	23225908	110024660
13814976	66688	23225908	110024602
12987559	66688	23225908	110024585
13694588	66688	23225908	110036519
13147395	66688	23225908	110057988
13697042	66688	23225908	110016912
13137744	66688	23225908	110022982
13991154	66688	23225908	110030246
13117731	66688	23225908	110028027
14066850	66688	23225908	110022860
13255602	66688	23225908	110032408
13720243	66688	23225908	110029637
13313488	66688	23225908	110035076
13614724	66688	23225908	110014842
14114202	50331	23225908	109976282
14093653	50331	23225908	110025122
13925627	26237	23225908	110022089
12981033	26237	23225908	110020630
13945660	26237	23225908	110020875
13044764	26237	23225908	110021439
14076764	26237	23225908	110028421
13650407	26237	23225908	110032497
13821642	26237	23225908	110013525
13689093	26237	23225908	110019783
13672242	26237	23225908	109971494
14136027	26237	23225908	110021234
13530470	26237	23225908	110019621
14126374	26237	23225908	110023413
13574235	26237	23225908	110020396
14402991	26237	23225908	110032138
13909836	26237	23225908	110030816
14044402	26237	23225908	110013477
14428166	26237	23225908	110021271
13795939	26237	23225908	110020631
14510305	26237	23225908	109978265
13740749	26237	23225908	110020486
14597928	26237	23225908	109989706
13798207	26237	23225908	110020372
14563296	26237	23225908	110032301
13726505	26237	23225908	110020779
14565648	26237	23225908	110013291
13781377	26237	23225908	110018846
14431478	26237	23225908	110021667
14178109	26237	23225908	110018618
14283381	26237	23225908	109975563
14334929	26237	23225908	110018780
14231714	26237	23225908	110019776
14996916	26237	23225908	110026220
14140110	26237	23225908	110020260
14960988	26237	23225908	110011809
13963697	26237	23225908	110018072
15063226	26237	23225908	110019077
14193810	26237	23225908	110018279
14916733	26237	23225908	110017395
14189941	26237	23225908	109973662
14726876	26237	23225908	110017742
14376934	26237	23225908	110019343
14677227	26237	23225908	110016598
14391199	26237	23225908	110013594
14874717	26237	23225908	110017891
14168760	26237	23225908	110011143
14814240	26237	23225908	110017809
14526958	26237	23225908	110017149
15060357	26237	23225908	110017813
14455396	26237	23225908	109973732
15019552	26237	23225908	110060478
14358426	26237	23225908	110010911
15062718	26237	23225908	110019827
14375816	26237	23225908	110015849
14989671	26237	23225908	110017260
14282159	26237	23225908	109987388
14603113	26237	23225908	109995957
14677313	26237	23225908	110003758
13707501	26237	23225908	110001655
16128781	32180	23225908	109825365
18375373	141769	23225908	109996883
18447426	120738	23225908	109976374
16114137	31511	23225908	109983545
15812592	31511	23225908	109982448
14983075	31511	23225908	109986534
15392729	31511	23225908	109981166
14634878	31511	23225908	109981862
15675355	31511	23225908	109983114
15511331	31511	23225908	109990519
15153948	31511	23225908	109926664
15751885	31511	23225908	109994889
16104483	31511	23225908	109975343
15313865	31511	23225908	109986203
15936890	31511	23225908	109981477
15775890	31511	23225908	109994951
15234540	31511	23225908	109994724
15820443	31511	23225908	109992861
15263341	31511	23225908	110039282
15854758	31511	23225908	110048841
15393505	31511	23225908	109972452
15987985	31511	23225908	110043457
15461021	31511	23225908	110057266
15945816	31511	23225908	110062360
16048855	31511	23225908	110061779
15467023	31511	23225908	110061396
16077456	31511	23225908	110064008
15528295	31511	23225908	110087302
16185771	31511	23225908	110081231
15669328	31511	23225908	110059417
16160124	31511	23225908	109982507
15776206	31511	23225908	110057593
16318963	31511	23225908	110058791
15679814	31511	23225908	110064047
16174079	31511	23225908	110070811
15976213	31511	23225908	110093846
16247740	31511	23225908	110059173
15745968	31511	23225908	110088614
16274832	31511	23225908	110078763
15579653	31511	23225908	110075567
15820382	31511	23225908	109997655
16135577	31511	23225908	110063840
16006169	31511	23225908	110083970
16172486	31511	23225908	110054422
16243112	31511	23225908	110060178
15600682	31511	23225908	110076068
16354490	4407	23225908	110073866
16306617	46829	23225908	110062612
16413400	46829	23225908	110055997
16505538	37922	23225908	110068882
15402468	37922	23225908	110067900
16073619	37922	23225908	110044153
15596580	37922	23225908	110051851
16298967	37922	23225908	110065747
15708042	37922	23225908	110055166
16297454	37922	23225908	110052524
15621373	37922	23225908	110079971
16449250	37922	23225908	110079987
15947001	37922	23225908	110053928
16336796	37922	23225908	110063606
16354887	37922	23225908	109989604
15790197	37922	23225908	110060117
16390373	37922	23225908	110021293
15910526	37922	23225908	110065774
16588353	37922	23225908	110094067
16006722	37922	23225908	110064970
16643900	37922	23225908	110066254
16538321	37922	23225908	110074853
15996257	37922	23225908	110079811
16528476	37922	23225908	110087709
15898912	37922	23225908	109998483
16562681	37922	23225908	110097541
16026417	37922	23225908	110073818
16358837	37922	23225908	110072102
16223087	37922	23225908	110059913
16475266	37922	23225908	110060760
16175272	37922	23225908	110051451
16665562	37922	23225908	110052829
16103559	37922	23225908	110065665
16731217	37922	23225908	110043790
16406731	37922	23225908	109975298
16843582	37922	23225908	110068771
16667362	37922	23225908	110056611
16518299	37922	23225908	110047102
16166285	37922	23225908	110045719
16895170	37922	23225908	110046906
16463309	37922	23225908	110074103
16605620	37922	23225908	110041739
16740264	275	23225908	110048912
16422807	275	23225908	110011093
16922902	275	23225908	110035567
16216510	275	23225908	110065887
16301770	275	23225908	110058613
16890026	275	23225908	110063552
16234307	275	23225908	110052983
16969075	275	23225908	110044695
16525709	275	23225908	110051532
16908185	275	23225908	110063670
16692676	275	23225908	110062970
17106703	275	23225908	110059023
16643446	275	23225908	109992542
16935535	275	23225908	110078084
16358748	275	23225908	110055063
16886278	275	23225908	110073128
16400070	275	23225908	110088546
17111133	275	23225908	110067320
15868683	275	23225908	110058526
16586596	275	23225908	110051813
19376505	110947	23225908	110063935
20088477	138904	23225908	110007068
19385256	113752	23225908	110034259
17786618	11559	23225908	110063346
16893359	11559	23225908	110075014
17529959	11559	23225908	110067555
16709052	11559	23225908	110064835
17319758	11559	23225908	110083331
16781840	11559	23225908	110064160
17718703	11559	23225908	110080776
17750836	2036	23225908	110082218
17481926	2036	23225908	110080268
17399560	2036	23225908	109996171
17694931	2036	23225908	110066488
17216591	2036	23225908	110079885
17669629	2036	23225908	110065046
17467130	2036	23225908	110057521
17405458	2036	23225908	110069734
17756028	418	23225908	110073572
17218404	418	23225908	110072141
17688680	418	23225908	110064813
17168541	418	23225908	110035704
17849909	418	23225908	110049135
17197319	418	23225908	110062369
17854746	418	23225908	110071023
17333783	418	23225908	110066779
17738041	418	23225908	110057100
17513723	418	23225908	110056388
17867403	418	23225908	110058769
17951820	418	23225908	110084295
17532252	418	23225908	110071898
18016029	418	23225908	110000421
17549709	418	23225908	110054813
17961495	418	23225908	110052505
17612197	418	23225908	110056031
17668821	418	23225908	110040005
17655567	418	23225908	110048198
17485768	418	23225908	110043973
17960209	418	23225908	110048263
17526875	418	23225908	110050509
17850424	418	23225908	110054352
17455458	418	23225908	109979536
18056397	418	23225908	110049014
17847723	418	23225908	110043962
17691173	8763	23225908	110084928
17787988	8763	23225908	110036142
18033219	63377	23225908	110037981
17998692	79	23225908	110048002
18327449	56693	23225908	110051064
17216890	56693	23225908	110046419
17781384	56693	23225908	110040008
17371262	56693	23225908	109986045
17821862	56693	23225908	110042412
17423991	56693	23225908	110033039
17850531	56693	23225908	110008043
17553752	56693	23225908	110043672
18136092	56693	23225908	110043298
17492029	56693	23225908	110049327
18202924	56693	23225908	110053997
17982977	56693	23225908	110050395
17804936	56693	23225908	110043893
18115927	56693	23225908	109977066
17641550	56693	23225908	110049658
18358381	56693	23225908	110055570
17821662	56693	23225908	110059777
18359804	56693	23225908	110057825
18052055	56693	23225908	110156301
18238132	56693	23225908	110046743
18324769	2716	23225908	110038232
17975508	2716	23225908	110054296
18230204	2716	23225908	110063827
18003967	2716	23225908	109983547
17800559	2716	23225908	110046650
18228960	2716	23225908	110048540
18211119	2716	23225908	110081846
17759576	2716	23225908	110010590
18459302	4916	23225908	110045520
17646879	4916	23225908	110047776
18431650	8422	23225908	110042705
18139991	8422	23225908	110044438
18567526	4315	23225908	110045750
18121770	4315	23225908	109996815
18523854	1171	23225908	110054107
17954455	1171	23225908	110050904
18653630	1171	23225908	110058452
17972430	1171	23225908	110054746
18442383	1171	23225908	110051560
18058778	1171	23225908	110043385
18455410	2065	23225908	110043760
18430376	2065	23225908	110069666
18178698	2065	23225908	110039813
18094479	2065	23225908	109982778
18538647	2065	23225908	110056706
17844106	2065	23225908	110047671
18626184	2065	23225908	110046310
18241210	2065	23225908	110041221
18758000	2065	23225908	110052856
18352188	565	23225908	110037652
18686323	565	23225908	110029503
18313919	675	23225908	110039885
18652953	675	23225908	110044989
18119646	489	23225908	109976567
18653538	489	23225908	110039364
17982896	489	23225908	110046996
18406435	489	23225908	110047929
17791285	489	23225908	110041970
17817023	489	23225908	110040697
20437095	81163	23225908	110039501
118469291097	307648830	42924715	387975268589
