31576383	652517	361435	107921698
32556057	1350220	344241	109643037
89386866	2393593	885253	282022480
1207728488	33133035	12929284	3979773400
1207728488	33133035	1002550	86163824
15790554	33133035	1002550	111578620
20443344	33133035	1002550	111145523
23021719	33133035	1002550	110911001
24646200	33133035	1002550	110726073
25806508	33133035	1002550	110480296
28442824	33133035	1002550	110486141
28664888	33133035	1002550	110339749
28949422	33133035	1002550	110314671
29179047	33133035	1002550	110275140
29370986	33133035	1002550	110248798
29489802	33133035	1002550	110215621
29590909	33133035	1002550	110185484
29575582	33133035	1002550	110161899
29808349	33133035	3581	110148327
29720044	33133035	17365	110133976
29929266	33133035	30459	110662355
29885344	33133035	40044	110103709
29858727	33133035	46447	110089480
29986330	33133035	53651	110081323
30046579	33133035	59995	110073176
29226315	33133035	70522	107671824
29906422	33133035	80832	110061450
29693474	33133035	84838	110063291
29809911	33133035	95977	110069546
29925300	33133035	92813	110058796
29878604	33133035	97528	110008536
29885612	33133035	101714	110040680
30093040	33133035	100802	110043120
29832954	33133035	107913	110042017
29941719	33133035	105406	110032568
29850382	33133035	108097	110021520
30054758	33133035	108285	110027477
29983461	33133035	110829	110026777
30082944	33133035	112833	110045120
30013500	33133035	115293	110022331
30223831	33133035	114023	110021534
29934202	33133035	120484	110024424
30072322	33133035	117797	110019294
28989369	33133035	120681	109893026
30047883	33133035	118761	109845363
30044813	33133035	120397	109905635
30073868	33133035	121892	109887217
30005831	33133035	125290	109910391
30228467	33133035	121441	109909671
29929641	33133035	127586	109907667
29962825	33133035	127974	109867359
29914207	33133035	125484	109910343
30013261	33133035	126364	109903701
29963976	33133035	125110	109815614
30053160	33133035	125494	109901788
29915086	33133035	130273	109864084
29876360	33133035	129509	109902045
30000408	33133035	128776	109894493
29967530	33133035	130654	109888804
29867785	33133035	132364	109895566
30072518	33133035	129079	109905111
30002268	33133035	129127	109897201
30045335	33133035	129134	109838450
29971214	33133035	132465	109894359
28813199	33133035	130536	109790361
30132784	33133035	130439	110069430
29589969	33133035	131507	109868087
29937753	33133035	133535	109903114
30091666	33133035	132102	109896236
30039300	33133035	131429	109898034
30053959	33133035	131598	109813143
30045352	33133035	133605	109890428
29850688	33133035	135220	109893419
29993819	33133035	132907	109892417
30073273	33133035	135289	109891535
29926664	33133035	135929	109857192
30033463	33133035	133199	109893404
29992652	33133035	132945	109893216
29949203	33133035	136720	109892687
29954836	33133035	135850	109841357
29899933	33133035	138394	109803340
29967577	33133035	135233	109898593
29980537	33133035	137471	109891621
29972924	33133035	137119	109891432
29965144	33133035	135453	109893116
29995674	33133035	134714	109893175
29971616	33133035	138850	109889951
30031164	33133035	136660	109890563
30021820	33133035	134867	109890572
29976195	33133035	136253	109893284
29973828	33133035	139208	109853841
29991012	33133035	137474	109890709
29993620	33133035	135838	109891557
29968415	33133035	135882	109892469
29942477	33133035	138102	109888797
29893513	33133035	137874	109841904
30013462	33133035	134868	109882217
29965186	33133035	137453	109890161
30022438	33133035	136088	109908819
29952357	33133035	135465	109893352
29138950	33133035	133050	109920715
30035799	33133035	137011	110070684
30014529	33133035	136994	110030952
30030316	33133035	135696	110019318
30027199	33133035	135034	110017242
30066286	33133035	136332	110013670
30078943	33133035	135734	110025348
30030558	33133035	135925	110009924
30075930	33133035	135744	110012404
30024276	33133035	137414	110013624
29991929	33133035	137318	110001383
30026468	33133035	136081	110008057
29994383	33133035	136248	109961516
30073591	33133035	136077	110008941
30088613	33133035	136366	109991664
30075613	33133035	135632	110002245
30044521	33133035	136491	109996598
30056206	33133035	137131	110076024
30060888	33133035	137164	109989976
30047738	33133035	138143	110004537
30059499	33133035	138013	109989588
30048056	33133035	136079	110006866
30057297	33133035	137056	109999157
30071255	33133035	135532	109989515
30037278	33133035	136842	109978940
30045454	33133035	137386	109988267
30068063	33133035	137649	109982362
30047675	33133035	138857	109994945
30073379	33133035	137312	109993389
30031385	33133035	136727	109995305
30042010	33133035	137891	109948928
30071916	33133035	136034	109993902
30037885	33133035	137661	109981296
30045241	33133035	137243	109997163
30069753	33133035	137900	109983671
30002477	33133035	137762	109987911
30048675	33133035	138344	109980885
30037440	33133035	138815	109990297
30051282	33133035	137338	109984458
30079131	33133035	137895	110007482
30018609	33133035	136138	109985176
29952964	33133035	139608	109995819
30022751	33133035	136693	109984320
30058602	33133035	136851	109999240
30014962	33133035	140145	109985985
30035332	33133035	138550	109998872
30003642	33133035	138338	109988037
30060826	33133035	137868	109995032
30057664	33133035	136652	109985270
29955421	33133035	139796	109994050
30030409	33133035	137341	109936469
30072415	33133035	137485	110002394
30041734	33133035	140406	109998540
30049873	33133035	138862	110009167
30040978	33133035	138628	109998720
30081550	33133035	138237	110002288
29986480	33133035	140729	109986971
30013339	33133035	140675	109995873
30044494	33133035	136949	109984756
30071339	33133035	138496	109993583
30063873	33133035	138093	109984371
30033904	33133035	137587	109996915
30065332	33133035	137134	109986998
29991518	33133035	138774	109734290
29977362	33133035	140766	109999453
30049465	33133035	141129	109997058
30054651	33133035	137636	109986318
30073932	33133035	138085	110003290
30051757	33133035	138518	109990307
30052377	33133035	137014	109996508
30060830	33133035	137486	109958474
30055817	33133035	139676	110001755
29994739	33133035	139872	109989816
30037112	33133035	141625	109981585
30067278	33133035	137185	109989089
30081527	33133035	138283	109992253
29203559	33133035	132639	109990598
20783323845	17853667	101344841	75823173226
