31805542	668906	363237	108048985
32709174	1344474	337917	109654552
91084274	2414738	886995	286562532
1213179505	33395744	13048323	3998064012
1213179505	2037293	715375	57653732
1213179505	3311023	715375	40977308
1213179505	2787662	715375	38659413
1213179505	2675027	715375	44290713
1213179505	2469432	715375	44417765
1213179505	469516	5256	11533087
9292924	3096441	41831	123146383
9292924	1608331	41831	34285126
9292924	1555347	41831	30968001
9016420	1054496	41831	43501107
9016420	1372232	41831	30422386
17863736	510337	41831	43745386
17863736	1859161	41831	42676594
0	0	0	0
0	0	0	0
0	0	0	0
0	0	0	0
0	0	0	0
0	0	0	0
0	0	0	0
185824605	11180502	2035084	806242350
185824605	1224997	66348	54526051
67329991	1378527	66348	66361723
67329991	5004865	33040	59095628
67329991	5004865	40903	60720192
47967417	1028532	95752	322655934
47967417	1045077	81524	322655934
47967417	1059504	112516	63387964
47967417	1040238	118971	63760599
47967417	1087152	125414	63058225
47967417	1127093	98383	57510385
16589543	1076844	98383	47053702
4031432	1397285	98383	38917898
24715145	742163	98383	52825386
4574333	1272000	45521	40072358
25809329	659173	45521	51990024
4319257	1120168	46548	36181817
0	0	0	0
0	0	0	0
0	0	0	0
0	0	0	0
0	0	0	0
0	0	0	0
0	0	0	0
190701095	11002871	1783273	824846986
4682993	1305302	56641	41146726
4849686	988434	116211	56790178
3964565	428756	209945	79887408
4188463	403278	210817	76074513
5062470	416087	200666	75542130
6371148	564912	180880	82113387
5749183	451843	201547	74863067
6379464	492201	198397	74577886
2339905450	150627640	28161042	11583624179
0	0	0	0
0	0	0	0
0	0	0	0
0	0	0	0
0	0	0	0
0	0	0	0
0	0	0	0
155113454	9939847	1870686	767890919
0	0	0	0
0	0	0	0
0	0	0	0
0	0	0	0
0	0	0	0
0	0	0	0
772272776	49950648	9318928	3817001467
1311899	101905	37301	7140077
0	0	0	0
0	0	0	0
0	0	0	0
0	0	0	0
0	0	0	0
0	0	0	0
193670736	3654371	1538687	805488323
193670736	3654371	3974666	119391817
10028650	3654371	3974666	72440677
22295482	3654371	3974666	117732300
21520046	3654371	3974666	117463180
24481160	3654371	3974666	117132061
21838233	3654371	3974666	116657041
18084655	3654371	3974666	105275221
25099736	3654371	3974666	115853537
22097553	3654371	3974666	115539996
22774990	3654371	3974666	115203927
24812849	3654371	3974666	114903755
22151857	3654371	3974666	114641584
18111212	3654371	3974666	94182437
21707405	3654371	3974666	114199150
23867227	3654371	3974666	113940956
21943003	3654371	3974666	113761305
24905076	3654371	3974666	113566940
19270459	3654371	3974666	103639075
22172008	3654371	3974666	113207755
22694684	3654371	3974666	113002003
21684330	3654371	3974666	112952983
23829965	3654371	3974666	112841309
22915728	3654371	3974666	112726036
17624611	3654371	3974666	92701420
21466016	3654371	3974666	108855186
23155464	3654371	3974666	112368894
20999729	3654371	3974666	111415971
24126497	3654371	3974666	112184280
21148839	3654371	3974666	107038829
19239506	3654371	3974666	107486970
23585746	3654371	3974666	113187292
22750462	3654371	3974666	111942482
21549585	3654371	3974666	111864110
24222225	3654371	3974666	111823447
17375187	3654371	3974666	96673938
23418057	3654371	3974666	111963887
21100410	3654371	3974666	111612067
23920298	3654371	3974666	111516805
20895898	3654371	3974666	110928732
23835267	3654371	3974666	111513985
19385026	3654371	3974666	101315726
22007703	3654371	3974666	111416445
22403070	3654371	3974666	111350507
21888335	3654371	3974666	111319467
22163077	3654371	3974666	111252930
23650038	3654371	3974666	111230374
32561969	3654371	3974666	85896672
21805964	3654371	3974666	111198130
22131972	3654371	3974666	111147123
22529269	3654371	3974666	111070104
21635390	3654371	3974666	111115051
22526076	3654371	3974666	111083346
18667478	3654371	3974666	96846795
21786668	3654371	3974666	111064896
23078021	3654371	3974666	111051959
21691273	3654371	3974666	110994724
23252581	3654371	3974666	110950060
16467540	3654371	3974666	90873422
23229227	3654371	3974666	110804863
21178667	3654371	3974666	110847539
23351208	3654371	3974666	110781923
21633347	3654371	3974666	110819134
22885546	3654371	3974666	110802466
18461438	3654371	3974666	96317584
21703576	3654371	3974666	110803690
23008090	3654371	3974666	110830389
21637163	3654371	3974666	110735251
22925240	3654371	3974666	110700935
22272236	3654371	3974666	111087248
993720	162185	20206	11425399
0	0	0	0
0	0	0	0
0	0	0	0
0	0	0	0
0	0	0	0
0	0	0	0
165821736	2175740	717293	827129219
23050472	2175740	717293	110656691
21636933	2175740	717293	110701718
22837705	2175740	717293	110675159
22368797	2175740	717293	110598809
19608019	2175740	717293	100373110
21046496	2175740	717293	110174586
22694995	2175740	717293	110627279
21631007	2175740	717293	110629558
23386301	2175740	717293	110610449
21943476	2175740	717293	110552065
10382747	2175740	717293	55808547
0	0	0	0
0	0	0	0
0	0	0	0
0	0	0	0
0	0	0	0
0	0	0	0
146093276	2118430	668755	726429855
22060017	2118430	668755	110519652
22521702	2118430	668755	110524701
22350128	2118430	668755	110538728
22969435	2118430	668755	110527708
22075465	2118430	668755	110515259
19204246	2118430	668755	100425359
22223309	2118430	668755	110024043
22799097	2118430	668755	110531917
22028441	2118430	668755	110517650
22392856	2118430	668755	110505381
22882546	2118430	668755	110493376
17322432	2118430	668755	90942936
21526063	2118430	668755	110475924
23240294	2118430	668755	110470544
21667565	2118430	668755	110488769
22737471	2118430	668755	110471970
19491309	2118430	668755	99548217
22141786	2118430	668755	110441353
21835521	2118430	8742	110456606
22818601	2118430	8742	110454828
21770978	2118430	8742	110446622
23195546	2118430	8742	110426953
16482726	2118430	8742	89437493
22723769	2118430	8742	110416190
22312013	2118430	33890	110412725
21703173	2118430	33890	110403984
22719397	2118430	33890	110439769
22521152	2118430	33890	110383605
20248526	2118430	33890	100480037
22144736	2118430	33890	110382777
22689964	2118430	45483	110308078
21889076	2118430	45483	110337467
22405618	2118430	45483	110352757
22627449	2118430	45483	110368475
1063206	168190	25110	9420654
142950750	168190	25110	715794538
22096466	168190	23048	110378236
22676581	168190	28526	110338472
22072429	168190	28526	110296551
22903167	168190	28526	110312673
18329425	168190	1778	95771409
22456381	168190	1778	110408261
22143363	168190	25469	110307554
22402922	168190	24402	110276848
21829434	168190	24402	110283475
22532040	168190	24402	110234387
19567844	168190	9562	100810476
22566816	168190	9562	110286809
21624159	168190	25221	110292452
23010194	168190	25221	110281556
21858484	168190	25221	110231955
22499806	168190	25221	110314547
17364988	168190	24860	90553655
22320520	168190	23507	110289101
21627194	168190	34075	110205243
20954852	168190	10834	105792631
22787193	168190	10834	110250675
22249068	168190	10834	110245076
18141669	168190	20308	96236144
22835591	168190	40376	110267373
22501538	168190	44269	110237279
21896754	168190	444	110233931
22100629	168190	444	110223842
17854962	168190	20166	90602136
22661105	168190	20166	110177147
21821719	168190	42113	110147865
22676694	168190	42986	110212666
22107850	168190	3833	109047822
21988162	168190	3833	110204795
19515249	168190	29427	100243160
22072500	168190	21795	110150542
22584705	168190	51641	110182174
22752374	168190	35410	110201008
22281646	168190	2642	110197170
21971397	168190	2642	110190809
24888122	168190	16280	94794604
22082209	168190	41632	110204359
22375145	168190	47832	110193659
22339006	168190	38324	110204432
23055153	168190	204	110199269
22035052	168190	204	110191194
19438800	168190	31292	99936375
22457609	168190	39116	110216253
22495324	168190	64908	110123193
22064438	168190	21356	110176649
22557689	168190	21356	110132971
22024048	168190	21356	110178480
17372083	26509	48300	89247514
22547936	26509	58576	110192804
22149147	26509	73624	110181600
22149426	26509	18248	110162717
22579826	26509	4499	110148946
19740630	26509	22542	100194798
21431644	26509	19317	110116715
22727846	26509	58821	110178896
22553652	26509	75558	110180618
21780656	26509	2842	110172173
22990526	26509	6905	110156261
16959399	28339	32407	89878926
22396382	28339	38669	110142764
22076744	28339	67319	110147599
22612296	28339	59019	110143910
22536076	28339	5086	110155418
22382765	28339	5936	110156914
19464972	13902	40750	100181300
22143643	13902	52768	110128220
22426245	13902	71363	110126566
22504145	13902	58263	110128564
21809625	13902	10283	110128475
22518736	13902	1681	110122963
17510979	34509	36565	90840313
22395394	34509	57274	110157780
22306344	34509	83751	110148384
22577608	34509	49190	110144326
21803477	34509	19611	110133998
22533804	34509	3403	110112149
19592959	25826	39227	99843638
22179454	25826	70277	110115856
22763546	25826	80247	110125477
21735573	25826	33708	110128702
22808203	25826	17220	110136667
21375376	798	30678	109618488
18426801	798	29578	92013382
22231060	798	69529	110117719
22330219	798	85670	110126280
22363340	798	28098	110097561
22245343	798	14101	110119738
19716594	26769	27853	100035621
21554707	26769	29026	110145845
22148850	26769	81782	110152350
94186571	26769	144278	459726089
22146785	26769	58542	110048418
22197624	26769	87362	110112409
22584853	26769	50781	110123505
21803869	26769	8004	110112190
22915096	26769	13612	110121123
25646198	49896	33278	99335315
21619807	49896	61798	110135383
22363883	49896	90918	110132432
22707086	49896	47695	110189319
21852278	49896	7158	110136136
22399498	49896	15538	110112496
17555609	65289	43801	90557125
22090787	65289	78328	110134715
22336424	65289	81925	110129338
22708746	65289	41465	110117832
21839687	65289	10079	110050321
20437232	30725	30714	102255711
23397972	30725	45322	116275949
22375517	30725	73100	110107165
22428054	30725	87675	110119600
21702920	30725	24727	110118825
22811303	30725	16563	110114503
17181331	61534	40901	89183950
21930342	61534	42374	110167238
22039330	61534	80785	110125822
22427818	61534	77003	110136438
22020368	61534	17294	110140205
22677492	61534	18233	110120018
19665825	52365	35731	100330490
21537425	52365	48335	110094801
22678349	52365	80236	110096224
22182504	52365	61631	110098933
22368863	52365	22720	110213804
21955419	52365	10657	110123825
17905144	71953	42813	90348088
21671684	71953	52858	110106375
22497510	71953	76927	110104949
21817617	71953	51046	109943872
22448196	71953	22669	110075982
21986906	71953	12183	110059572
18862179	75825	49656	94833580
21717309	75825	74895	110084213
22366628	75825	78086	110073504
22275079	75825	31161	110072155
21877994	75825	12787	110066635
18324295	67785	36158	90902594
21634645	67785	32472	110116624
22730312	67785	88073	110050421
21270864	67785	72287	109535427
22741467	67785	25007	110114351
21988734	67785	21894	110053031
19329713	65281	39120	99076253
22268706	65281	55291	110009228
22086780	65281	76498	110103671
22428091	65281	49465	110075983
22450290	65281	20251	110065133
21858210	65281	15998	109975790
18116388	83327	48496	90599168
21795884	83327	67504	110066474
22571147	83327	76283	110019478
21325634	83327	40426	109510093
22684069	83327	22726	110087380
26978408	53230	26546	104888214
20695398	53230	35102	104309764
22443640	53230	87206	110040390
21793910	53230	78305	110060264
22396543	53230	23413	110062685
22328010	53230	21389	110058222
16839644	81294	35728	86189242
21683285	81294	40997	110044413
22568341	81294	92013	110052324
21847751	81294	65802	110040119
22473658	81294	17717	110068103
22305289	81294	23944	110065567
18648094	77453	45882	96726714
22402153	77453	65455	110066705
21778527	77453	85666	110011232
22234026	77453	44083	110052633
22308853	77453	25392	109967775
21711295	41660	31859	110032202
17023119	41660	31241	86135392
22405127	41660	85710	110006458
21867985	41660	83174	110002270
22420714	41660	31511	110008469
22288939	41660	25077	110054342
18662462	81351	41723	96058119
22420374	81351	42439	110065165
21905569	81351	83418	109990682
22078810	81351	68201	109988478
22376667	81351	30737	110024596
21919482	81351	19460	109977662
16426653	92948	42250	84973288
22555431	92948	59753	110018099
21818033	92948	87259	110059949
22587039	92948	58431	110050593
22031301	92948	26405	110075113
24358431	92948	28646	121917104
13903678	200786	56780	70453522
0	0	0	0
0	0	0	0
0	0	0	0
0	0	0	0
0	0	0	0
0	0	0	0
159024547	835127	499467	789981946
22357595	835127	70340	110053366
21856363	835127	85053	110071257
22200176	835127	44459	110029883
22391799	835127	27597	110063077
21658879	52853	38378	109867144
17278659	52853	36026	87052892
22492096	52853	77484	110030818
21968908	52853	83479	110102212
22084188	52853	31288	110057672
22598717	52853	28929	110050486
19809335	78501	45900	99949882
21259381	78501	45893	109637545
22571495	78501	85770	110026822
21969726	78501	65387	110116017
22781659	78501	31820	110080485
22139007	78501	24994	110070483
18081585	88832	44017	90913152
21578942	88832	65203	110061570
22474101	88832	81136	110055209
22056066	88832	54269	110069468
21918725	88832	20252	110091715
22376396	88832	28776	110076719
20005799	88129	51923	100316492
21661787	88129	76908	110063748
22650958	88129	85520	110486465
22020985	88129	33932	110065693
21980163	88129	21450	110080559
17924231	86139	49719	90572383
22032496	86139	44372	110046349
22029273	86139	86178	110055184
21928014	86139	68089	110068826
22583991	86139	30516	110061322
21916795	86139	25911	110067578
19749771	85822	45318	100651053
22329743	85822	63301	110097729
21879710	85822	82935	110087723
22089420	85822	45837	110106163
22588428	85822	27538	110078339
21515271	64281	37746	109494192
18604407	64281	35725	92279445
21482733	64281	76358	110067686
22535628	64281	87098	110103565
21934228	64281	32999	110075884
22364585	64281	21615	110071802
19774333	86048	47292	100656228
22074597	86048	48605	110062201
21784101	86048	83034	110055792
22535471	86048	71210	110023925
21970583	86048	27044	110037047
22486224	86048	26811	110054116
17495359	91320	42062	90482010
22189447	91320	73794	110040841
21803512	91320	84680	110039883
22464375	91320	48017	110066332
22040881	91320	31880	110055527
22033156	91320	32360	110056477
19876433	54227	46049	100315733
22131405	54227	81027	110009085
21783617	54227	78903	110034920
22453949	54227	46699	110038692
22025762	54227	26465	110055660
16921198	428694	146765	90704362
10064540	1576465	201718	69039474
7957231	1307591	231613	57330301
8968273	1430901	242177	61655942
8254852	1327358	226530	57866461
8969943	1384145	227613	97567496
10037928	1529652	224420	29638155
9458541	1526291	224547	64893634
10115093	1502616	226838	67266637
11028885	790336	137306	65326736
22270826	790336	49875	110091715
21996335	790336	81750	110071024
22062882	790336	60854	110004027
22231355	790336	45740	110039351
22361947	790336	35798	110047755
11021348	104157	32317	56137519
22186193	104157	51679	110045765
22154299	104157	79074	110052246
22570342	104157	64263	110051389
22005541	104157	39453	110050374
22771391	104157	47013	110079121
17217118	87880	38821	87468995
22251721	87880	61468	110045311
21952636	87880	78961	109971103
22097787	87880	65420	109558047
21799217	87880	40312	110015873
22419799	87880	51821	110071723
18724056	92629	53951	96163103
22525754	92629	74100	110031094
22037160	92629	80017	110077097
109113583	92629	262047	510799845
21830967	92629	83138	110012031
22740603	92629	71248	110067609
22243089	92629	35889	110063279
18961441	83634	68285	96384641
22559191	83634	51057	110090939
21851742	83634	83389	110017597
22426803	83634	75963	110017045
22229861	83634	51960	110036484
22603670	83634	51690	110042293
17356725	89015	60007	89162965
22536424	89015	59141	110047381
21849864	89015	86026	110022091
22648028	89015	77137	110030470
21897378	89015	46235	110058712
22839297	89015	50148	110056399
19940965	88462	53527	100129323
21738529	88462	76325	110051967
22447518	88462	80911	109997459
22054589	88462	64827	110036560
22702373	88462	49829	110043332
18226345	77919	60684	92638561
22383828	77919	47393	110640602
21882499	77919	81073	110014067
22454000	77919	81343	109950568
22030274	77919	65699	109974187
22820220	77919	62040	110019849
19701737	86652	60943	99378425
21611859	6879	62951	109682870
21943674	6879	86269	109177016
22480828	6879	66662	109819146
22535529	6879	52732	109943154
22344319	6879	47146	109939290
17514268	140345	53233	90476170
22297170	140345	64269	109952259
21902270	140345	81133	110017342
22704854	140345	67783	110041467
22160607	140345	55827	110030296
22091852	140345	43684	110039757
19911897	61055	48067	99303554
21856948	61055	78529	110038875
22225658	61055	75740	110084536
22517711	61055	70351	110106274
22099896	61055	58043	110076317
17960165	94520	60461	90641472
22154618	94520	46381	110089720
22274083	94520	80609	110091980
21903251	94520	75821	110036920
22727209	94520	67812	110132399
21959978	94520	58696	110086383
19641186	87488	50794	100005963
22472860	87488	71689	110069773
21934970	87488	76133	110044892
22586811	87488	77135	110079081
22195456	87488	66103	110103820
21964084	87488	46628	110101150
17900906	73456	49247	91081193
22428699	73456	70439	110092093
21941078	73456	76747	110089181
22384372	73456	70170	110076902
22396760	73456	64681	110087467
25511771	85494	41347	99268101
21951587	85494	44385	110103187
22382865	85494	81614	110122724
21947178	85494	72377	110104397
22800124	85494	71744	110062271
22038111	85494	65324	110023524
17923701	94836	51046	90695934
21830517	94836	57551	110073905
22677931	94836	76492	110070746
21929090	94836	73618	110072489
22758582	94836	75222	110047530
21929975	94836	56815	110063315
19796053	87112	70853	100529271
22719551	87112	68700	110081406
22005048	87112	73992	110059012
22555065	87112	75247	110066414
22276688	87112	72337	110071506
19649799	77572	64610	100154831
20093555	77572	51212	100641773
22639585	77572	67208	110037501
22005142	77572	72340	110066705
22641290	77572	71952	110054775
22104293	77572	61670	110057730
19815318	80338	50878	100654955
21692402	80338	59859	109992524
22593750	80338	61568	110002637
21595677	80338	71876	110046905
22355352	80338	56088	110051470
24246186	254939	96342	86744148
4534261	1142142	246249	70927618
13559677	1234522	245196	75090865
48371264618	253544046	159296220	240546597445
