31578497	655224	367248	108802296
31647139	1349272	341742	109536722
75115576	2040303	752747	239334009
1230765938	33986641	13395248	4103086400
1230765938	21101	929176	32399134
15148566	3006365	302868	138718220
0	0	0	0
0	0	0	0
0	0	0	0
0	0	0	0
0	0	0	0
0	0	0	0
193629471	6413565	2306165	691039215
193629471	3293369	2306165	35341609
193629471	1889738	2306165	22442744
0	0	0	0
0	0	0	0
0	0	0	0
0	0	0	0
0	0	0	0
0	0	0	0
185414000	7041678	2206486	690200758
185414000	2687094	2206486	52223387
185414000	2035065	2206486	654321059
1039978979	44454346	13819724	3690448681
1039978979	44454346	13819724	54194326
1039978979	44454346	3316316	114079399
1039978979	44454346	3316316	112066849
1039978979	44454346	3316316	112634878
1039978979	44454346	3316316	112112610
4785678	44454346	3316316	111791131
5821296	44454346	3316316	111561193
6506076	44454346	3316316	111257400
12103245	44454346	3316316	111177594
11431230	44454346	3316316	111027950
12024145	44454346	3316316	110832618
15140637	44454346	3316316	110811916
14281152	44454346	3316316	110732234
15329468	44454346	3316316	110559040
16065624	44454346	3316316	110605609
16169490	44454346	3316316	110557043
17956817	44454346	3316316	110400658
16370042	44454346	3316316	110476091
19065211	44454346	3316316	110433578
17189177	44454346	3316316	110338344
19072647	44454346	3316316	110388044
18541349	44454346	3316316	110335290
19284674	44454346	3316316	110220083
19069211	44454346	3316316	110331014
19888547	44454346	3316316	110286729
18576317	44454346	3316316	110204243
20381773	44454346	3316316	110255927
20553151	44454346	3316316	110245533
18985201	44454346	3316316	110210889
19992393	44454346	3316316	110223307
21577259	44454346	3316316	110204827
19463471	44454346	3316316	110177576
20940516	44454346	3316316	110207522
20633951	44454346	3316316	110183700
20259739	44454346	3316316	110145307
20737200	44454346	3316316	110175694
21675344	44454346	3316316	110122291
19821084	44454346	3316316	110138719
20541285	44454346	3316316	107891289
21788316	44454346	3316316	110166267
19911690	44454346	3316316	110101640
21793393	44454346	3316316	110139194
21263493	44454346	3316316	110125316
19166483	44454346	3316316	107359972
21944899	44454346	3316316	110182449
21351431	44454346	3316316	110119951
20696549	44454346	3316316	110060251
21912801	44454346	3316316	110108554
21296069	44454346	3316316	110139022
20845966	44454346	3316316	110050481
21993340	44454346	3316316	110112462
20953348	44454346	3316316	110096828
21877279	44454346	9116	110035126
21453110	44454346	9116	110098687
21299840	44454346	22727	110097561
21363326	44454346	22727	109996332
21436468	44454346	33180	110059047
8423494	1980513	81028	46745138
5344376204	44083744	28190040	25848687277
