31491244	648860	368657	107304188
31805777	1340482	345908	107887643
86434000	2245566	854337	272512027
1210768254	32504179	13003334	3967234870
1210768254	32504179	927454	32489217
13638271	4261207	222858	165846310
13638271	3830689	222858	40041561
13638271	1603624	222858	17852564
0	0	0	0
0	0	0	0
0	0	0	0
0	0	0	0
0	0	0	0
0	0	0	0
187842589	8125829	2159994	719453408
187842589	3738713	2159994	48094375
187842589	2537471	2159994	35404613
0	0	0	0
0	0	0	0
0	0	0	0
0	0	0	0
0	0	0	0
0	0	0	0
175007317	8706083	2020138	716028626
175007317	4137398	2020138	84641824
114716289	2916056	2020138	74768327
975661571	58583754	13497985	4735150742
126626256	58583754	13497985	117817346
61654672	58583754	125183	112279509
58141019	58583754	346312	111912499
85878245	58583754	292165	111646063
88678895	58583754	292165	111390005
52422470	58583754	533860	111209413
51594529	58583754	373241	110979304
50468524	58583754	226605	110893930
49485924	58583754	120484	110774118
47799227	58583754	14513	110565880
43458567	58583754	38437	110637971
42121354	58583754	8157	110600474
41377196	58583754	40463	110488954
40161410	58583754	51748	110478741
39784432	58583754	68516	110355267
40530870	58583754	81458	110407392
39683072	58583754	128750	110449263
37847401	74079	148179	110404046
37743644	99473	163894	110385071
37279563	110792	117189	110319080
37340752	163310	113322	110291374
37198152	189604	127217	110300022
37246165	210365	147162	110267281
36796480	270119	169472	110166347
36386560	308358	205346	110228644
35627081	346500	216372	110213494
35697294	391407	166041	110166572
35662081	401126	175692	110161693
35297607	445111	165580	110063207
35167909	455516	171920	110145546
1906477334	51676425	15979520	6683265054
1947854430	53402112	16802532	6880167348
